Filename  CenX CenY CenQ  BrPX BrPY BrPR BrPQ BrIX BrIY BrIR BrIQ  PupX PupY PupR PupQ  IriX IriY IriR IriQ  OUpB OUpE ODnB ODnE  
4347(r-1-1)101231-233000_e_00_0000.bmp  318 186 0  318 186 45 100 323 186 122 100  315 187 47 0  322 186 125 0  0 0 0 0  
4347(r-1-1)101231-233000_e_00_0001.bmp  346 234 0  341 234 41 100 350 234 115 100  345 233 40 0  351 235 118 0  0 0 0 0  
4347(r-1-1)101231-233000_e_00_0002.bmp  330 254 0  320 254 39 100 323 254 116 100  318 254 41 0  323 254 119 0  0 0 0 0  
4347(r-1-1)101231-233000_e_00_0003.bmp  366 226 0  363 226 39 100 370 226 116 100  364 224 41 0  370 224 119 0  0 0 0 0  
4347(r-1-1)101231-233000_e_00_0004.bmp  350 266 0  346 266 36 100 353 266 114 100  346 265 39 0  352 268 116 0  0 0 0 0  
4347(r-1-1)101231-233000_e_00_0005.bmp  350 238 0  336 238 37 100 341 238 113 100  336 237 40 0  342 237 116 0  0 0 0 0  
4347(r-1-1)101231-233000_e_00_0006.bmp  342 282 0  337 282 38 100 341 282 110 100  336 279 38 0  342 279 111 0  0 0 0 0  
4347(r-1-1)101231-233000_e_00_0007.bmp  326 258 0  325 258 47 100 332 258 120 100  326 259 47 0  331 259 123 0  0 0 0 0  
4347(r-1-1)101231-233000_e_00_0008.bmp  334 266 0  332 266 45 100 336 266 114 100  331 265 45 0  336 265 117 0  0 0 0 0  
4347(r-1-1)101231-233000_e_00_0009.bmp  322 290 0  322 290 46 100 325 290 114 100  321 288 48 0  325 288 117 0  0 0 0 0  
4347(r-1-1)101231-233000_e_00_0010.bmp  370 262 0  370 262 42 100 374 262 119 100  369 259 45 0  375 261 119 0  0 0 0 0  
4347(r-1-1)101231-233000_e_00_0011.bmp  350 250 0  353 250 42 95 357 250 118 95  352 250 45 0  357 250 121 0  0 0 0 0  
4347(r-1-1)101231-233000_e_00_0012.bmp  358 282 0  354 282 45 100 359 282 119 100  354 279 48 0  359 280 118 0  0 0 0 0  
4347(r-1-1)101231-233000_e_00_0013.bmp  318 230 0  319 230 42 100 313 230 118 100  320 231 44 0  315 231 119 0  0 0 0 0  
4347(r-1-1)101231-233000_e_00_0014.bmp  278 190 0  279 190 48 100 276 190 120 100  280 193 51 0  275 193 121 0  0 0 0 0  
4347(r-1-1)101231-233000_e_00_0015.bmp  258 174 0  273 174 50 100 267 174 121 100  271 174 52 0  268 178 120 0  0 0 0 0  
4347(r-1-1)101231-233000_e_00_0016.bmp  326 218 0  328 222 55 100 323 222 119 100  327 219 58 0  323 223 121 0  0 0 0 0  
4347(r-1-1)101231-233000_e_00_0017.bmp  274 210 0  275 210 49 100 271 210 118 100  275 209 51 0  270 209 121 0  0 0 0 0  
4347(r-1-1)101231-233000_e_00_0018.bmp  274 202 0  275 202 49 100 269 202 121 100  273 198 50 0  269 199 120 0  0 0 0 0  
4347(r-1-1)101231-233000_e_00_0019.bmp  270 202 0  271 202 52 100 266 202 117 100  270 201 53 0  266 201 120 0  0 0 0 0  
4347(r-1-1)101231-233000_e_00_0020.bmp  310 274 0  307 274 52 100 303 274 122 100  307 271 54 0  303 272 120 0  0 0 0 0  
4347(r-1-1)101231-233000_e_00_0021.bmp  338 258 0  343 258 52 85 342 258 130 85  342 258 54 0  336 258 123 0  0 0 0 0  
4347(r-1-1)101231-233000_e_00_0022.bmp  330 262 0  328 266 47 100 325 266 104 100  329 262 48 0  325 262 107 0  0 0 0 0  
4347(r-1-1)101231-233000_e_00_0023.bmp  318 238 0  316 238 53 100 312 238 121 100  317 239 56 0  312 239 121 0  0 0 0 0  
4347(r-1-1)101231-233000_e_00_0024.bmp  326 222 0  327 222 53 100 324 222 121 100  327 220 56 0  323 224 121 0  0 0 0 0  
4347(r-1-1)101231-233000_e_00_0025.bmp  326 238 0  324 238 53 100 319 238 119 100  324 238 56 0  319 238 122 0  0 0 0 0  
4347(r-1-1)101231-233000_e_00_0026.bmp  286 230 0  287 230 53 100 283 230 118 100  287 230 56 0  282 230 119 0  0 0 0 0  
4347(r-1-1)101231-233000_e_00_0027.bmp  286 246 0  288 246 53 100 284 246 120 100  288 244 56 0  284 246 119 0  0 0 0 0  
4347(r-1-1)101231-233000_e_00_0028.bmp  326 238 0  329 238 53 100 325 238 117 100  332 236 59 0  325 237 118 0  0 0 0 0  
4347(r-1-1)101231-233000_e_00_0029.bmp  286 218 0  287 218 54 100 284 218 115 100  287 215 57 0  283 215 116 0  0 0 0 0  
4347(r-1-1)101231-233000_e_00_0030.bmp  290 226 0  293 226 56 100 288 226 116 100  292 224 58 0  289 224 116 0  0 0 0 0  
4347(r-1-1)101231-233000_e_00_0031.bmp  286 270 0  287 266 54 100 283 266 115 100  287 267 58 0  282 267 115 0  0 0 0 0  
4347(r-1-1)101231-233000_e_00_0032.bmp  330 270 0  329 270 42 90 334 270 117 90  329 268 42 0  336 267 120 0  0 0 0 0  
4347(r-1-1)101231-233000_e_00_0033.bmp  346 250 0  345 250 42 100 348 250 117 100  342 248 43 0  348 248 121 0  0 0 0 0  
4347(r-1-1)101231-233000_e_00_0034.bmp  362 190 0  352 190 41 85 359 190 118 85  353 188 42 0  359 189 121 0  0 0 0 0  
4347(r-1-1)101231-233000_e_00_0035.bmp  370 202 0  357 202 41 100 362 202 117 100  356 199 42 0  363 199 121 0  0 0 0 0  
4347(r-1-1)101231-233000_e_00_0036.bmp  346 202 0  345 206 42 100 350 206 118 100  344 204 42 0  349 204 121 0  0 0 0 0  
4347(r-1-1)101231-233000_e_00_0037.bmp  346 194 0  343 194 44 100 348 194 116 100  343 192 44 0  347 189 118 0  0 0 0 0  
4347(r-1-1)101231-233000_e_00_0038.bmp  326 178 0  326 178 47 100 329 178 122 100  324 177 49 0  329 177 125 0  0 0 0 0  
4347(r-1-1)101231-233000_e_00_0039.bmp  318 210 0  317 210 47 100 322 210 121 100  316 211 48 0  321 211 124 0  0 0 0 0  
4347(r-1-1)101231-233000_e_00_0040.bmp  398 202 0  390 202 44 100 395 202 118 100  392 200 44 0  394 199 120 0  0 0 0 0  
4347(r-1-1)101231-233000_e_00_0041.bmp  398 198 0  390 198 50 100 393 198 121 100  387 196 50 0  392 196 124 0  0 0 0 0  
4347(r-1-1)101231-233000_e_00_0042.bmp  378 206 0  374 206 46 100 379 206 118 100  372 206 47 0  378 206 120 0  0 0 0 0  
4347(r-1-1)101231-233000_e_00_0043.bmp  294 246 0  290 246 41 85 296 246 117 85  290 244 42 0  296 244 122 0  0 0 0 0  
4347(r-1-1)101231-233000_e_00_0044.bmp  358 222 0  356 222 43 85 360 222 116 85  353 223 44 0  360 223 121 0  0 0 0 0  
4347(r-1-1)101231-233000_e_00_0045.bmp  346 238 0  339 242 42 85 348 242 121 85  340 244 44 0  343 247 121 0  0 0 0 0  
4347(r-1-1)101231-233000_e_00_0046.bmp  354 294 0  353 294 41 100 356 294 119 100  350 292 42 0  357 292 119 0  0 0 0 0  
4347(r-1-1)101231-233000_e_00_0047.bmp  370 310 0  367 310 45 100 370 310 121 100  366 310 44 0  372 310 122 0  0 0 0 0  
4347(r-1-1)101231-233000_e_00_0048.bmp  334 262 0  333 262 42 100 338 262 117 100  331 261 43 0  337 262 117 0  0 0 0 0  
4347(r-1-1)101231-233000_e_00_0049.bmp  334 218 0  329 214 46 100 336 214 118 100  330 215 46 0  335 215 123 0  0 0 0 0  
4347(r-1-1)101231-233000_e_00_0050.bmp  338 218 0  339 218 46 100 344 218 123 100  338 215 47 0  345 215 127 0  0 0 0 0  
4347(r-1-1)101231-233000_e_00_0051.bmp  290 234 0  278 234 39 100 284 234 109 100  278 231 45 0  282 233 113 0  0 0 0 0  
4347(r-1-1)101231-233000_e_00_0052.bmp  330 186 0  324 186 47 100 332 186 118 100  326 184 45 0  330 185 122 0  0 0 0 0  
4347(r-1-1)101231-233000_e_00_0053.bmp  266 206 0  265 206 40 100 269 206 114 100  265 205 43 0  270 207 117 0  0 0 0 0  
4347(r-1-1)101231-233000_e_00_0054.bmp  334 234 0  328 234 42 100 336 234 122 100  329 233 43 0  335 236 122 0  0 0 0 0  
4347(r-1-1)101231-233000_e_00_0055.bmp  358 246 0  353 246 41 100 359 246 115 100  353 245 43 0  359 245 117 0  0 0 0 0  
4347(r-1-1)101231-233000_e_00_0056.bmp  302 230 0  302 230 39 100 308 230 115 100  302 228 42 0  308 228 117 0  0 0 0 0  
4347(r-1-1)101231-233000_e_00_0057.bmp  354 226 0  351 226 36 100 358 226 116 100  352 226 38 0  358 227 116 0  0 0 0 0  
4347(r-1-1)101231-233000_e_00_0058.bmp  334 226 0  331 230 40 100 335 230 121 100  330 228 42 0  336 228 124 0  0 0 0 0  
4347(r-1-1)101231-233000_e_00_0059.bmp  338 234 0  328 234 39 100 333 234 116 100  328 231 41 0  334 233 117 0  0 0 0 0  
4347(r-1-1)101231-233000_e_00_0060.bmp  310 242 0  310 242 46 100 314 242 120 100  307 242 47 0  313 242 123 0  0 0 0 0  
4347(r-1-1)101231-233000_e_00_0061.bmp  326 234 0  326 234 47 100 332 234 116 100  324 234 45 0  333 233 122 0  0 0 0 0  
4347(r-1-1)101231-233000_e_00_0062.bmp  338 226 0  336 226 41 100 340 226 113 100  335 225 45 0  339 225 115 0  0 0 0 0  
4347(r-1-1)101231-233000_e_00_0063.bmp  354 242 0  349 242 44 100 354 242 116 100  350 242 45 0  354 243 116 0  0 0 0 0  
4347(r-1-1)101231-233000_e_00_0064.bmp  346 242 0  347 242 47 100 351 242 116 100  345 240 50 0  350 240 121 0  0 0 0 0  
4347(r-1-1)101231-233000_e_00_0065.bmp  346 250 0  346 250 41 100 350 250 115 100  345 249 44 0  350 251 116 0  0 0 0 0  
4347(r-1-1)101231-233000_e_00_0066.bmp  354 222 0  351 222 40 100 357 222 117 100  351 220 42 0  356 220 119 0  0 0 0 0  
4347(r-1-1)101231-233000_e_00_0067.bmp  338 258 0  338 258 45 100 343 258 122 100  337 258 46 0  343 258 125 0  0 0 0 0  
4347(r-1-1)101231-233000_e_00_0068.bmp  270 254 0  270 254 46 100 276 254 118 100  269 251 47 0  276 251 121 0  0 0 0 0  
4347(r-1-1)101231-233000_e_00_0069.bmp  382 230 0  377 226 41 100 384 226 115 100  377 228 43 0  384 231 116 0  0 0 0 0  
4347(r-1-1)101231-233000_e_00_0070.bmp  386 206 0  384 206 42 100 389 206 122 100  383 207 44 0  389 207 124 0  0 0 0 0  
4347(r-1-1)101231-233000_e_00_0071.bmp  374 222 0  373 218 48 100 380 218 120 100  371 219 48 0  378 219 123 0  0 0 0 0  
4347(r-1-1)101231-233000_e_00_0072.bmp  358 262 0  357 262 45 100 360 262 117 100  354 261 46 0  360 263 119 0  0 0 0 0  
4347(r-1-1)101231-233000_e_00_0073.bmp  338 230 0  337 234 44 100 342 234 117 100  336 232 47 0  343 231 119 0  0 0 0 0  
4347(r-1-1)101231-233000_e_00_0074.bmp  342 258 0  341 258 45 100 348 258 114 100  342 259 50 0  345 259 116 0  0 0 0 0  
4347(r-1-1)101231-233000_e_00_0075.bmp  338 242 0  337 242 45 100 342 242 117 100  337 242 45 0  343 242 120 0  0 0 0 0  
4347(r-1-1)101231-233000_e_00_0076.bmp  338 242 0  338 242 44 100 341 242 121 100  337 240 46 0  344 240 122 0  0 0 0 0  
4347(r-1-1)101231-233000_e_00_0077.bmp  350 230 0  350 230 43 100 354 230 116 100  349 230 43 0  355 228 118 0  0 0 0 0  
4347(r-1-1)101231-233000_e_00_0078.bmp  330 258 0  327 258 42 100 334 258 113 100  327 257 41 0  334 258 115 0  0 0 0 0  
4347(r-1-1)101231-233000_e_00_0079.bmp  326 246 0  324 246 49 100 330 246 121 100  322 243 51 0  331 243 126 0  0 0 0 0  
4347(r-1-1)101231-233000_e_00_0080.bmp  334 254 0  334 254 39 100 340 254 114 100  333 253 41 0  341 255 117 0  0 0 0 0  
4347(r-1-1)101231-233000_e_00_0081.bmp  386 286 0  381 286 39 100 389 286 116 100  383 285 41 0  390 289 116 0  0 0 0 0  
4347(r-1-1)101231-233000_e_00_0082.bmp  382 294 0  378 294 43 100 386 294 121 100  378 293 43 0  386 293 124 0  0 0 0 0  
4347(r-1-1)101231-233000_e_00_0083.bmp  386 298 0  384 294 38 100 390 294 116 100  385 295 41 0  391 297 116 0  0 0 0 0  
4347(r-1-1)101231-233000_e_00_0084.bmp  338 202 0  330 202 48 100 341 202 123 100  336 199 44 0  342 200 124 0  0 0 0 0  
4347(r-1-1)101231-233000_e_00_0085.bmp  354 206 0  343 206 45 100 344 206 124 100  341 205 47 0  346 205 125 0  0 0 0 0  
4347(r-1-1)101231-233000_e_00_0086.bmp  318 214 0  318 214 42 100 323 214 122 100  316 214 45 0  322 214 124 0  0 0 0 0  
4347(r-1-1)101231-233000_e_00_0087.bmp  350 210 0  345 210 43 100 351 210 121 100  346 208 44 0  351 208 122 0  0 0 0 0  
4347(r-1-1)101231-233000_e_00_0088.bmp  322 142 0  320 142 42 100 325 142 122 100  319 140 45 0  324 139 124 0  0 0 0 0  
4347(r-1-1)101231-233000_e_00_0089.bmp  330 210 0  329 210 44 100 334 210 122 100  329 210 46 0  334 210 124 0  0 0 0 0  
4347(r-1-1)101231-233000_e_00_0090.bmp  334 278 0  333 278 47 100 336 278 119 100  331 278 48 0  336 278 119 0  0 0 0 0  
4347(r-1-1)101231-233000_e_00_0091.bmp  314 254 0  314 254 48 100 319 254 125 100  312 254 49 0  318 254 126 0  0 0 0 0  
4347(r-1-1)101231-233000_e_00_0092.bmp  314 262 0  314 262 46 100 318 262 119 100  313 260 46 0  319 260 119 0  0 0 0 0  
4347(r-1-1)101231-233000_e_00_0093.bmp  322 242 0  321 242 50 100 328 242 122 100  322 241 50 0  328 245 124 0  0 0 0 0  
4347(r-1-1)101231-233000_e_00_0094.bmp  326 194 0  324 194 49 100 327 194 120 100  322 194 50 0  328 194 124 0  0 0 0 0  
4347(r-1-1)101231-233000_e_00_0095.bmp  326 242 0  321 242 46 100 328 242 115 100  322 240 48 0  328 240 117 0  0 0 0 0  
4347(r-1-1)101231-233000_e_00_0096.bmp  302 258 0  295 258 46 100 302 258 120 100  296 255 44 0  303 260 120 0  0 0 0 0  
4347(r-1-1)101231-233000_e_00_0097.bmp  322 234 0  322 234 48 100 328 234 122 100  320 234 49 0  328 234 125 0  0 0 0 0  
4347(r-1-1)101231-233000_e_00_0098.bmp  342 238 0  342 238 42 100 348 238 116 100  341 237 46 0  348 242 118 0  0 0 0 0  
4347(r-1-1)101231-233000_e_00_0099.bmp  358 262 0  353 262 43 100 359 262 121 100  353 262 46 0  360 265 120 0  0 0 0 0  
4347(r-1-1)101231-233000_e_00_0100.bmp  346 238 0  348 238 44 100 352 238 119 100  345 237 46 0  352 237 122 0  0 0 0 0  
4347(r-1-1)101231-233000_e_00_0101.bmp  354 238 0  349 238 41 100 356 238 113 100  349 236 43 0  354 236 116 0  0 0 0 0  
4347(r-1-1)101231-233000_e_00_0102.bmp  406 214 0  408 214 43 95 402 214 117 95  409 214 46 0  404 214 119 0  0 0 0 0  
4347(r-1-1)101231-233000_e_00_0103.bmp  398 202 0  403 202 45 90 397 202 117 90  402 201 47 0  398 200 119 0  0 0 0 0  
4347(r-1-1)101231-233000_e_00_0104.bmp  406 206 0  408 210 45 90 403 210 116 90  407 208 47 0  403 209 117 0  0 0 0 0  
4347(r-1-1)101231-233000_e_00_0105.bmp  346 214 0  346 214 39 85 339 214 115 85  347 214 42 0  342 214 115 0  0 0 0 0  
4347(r-1-1)101231-233000_e_00_0106.bmp  342 214 0  344 218 43 95 339 218 118 95  344 215 45 0  339 215 120 0  0 0 0 0  
4347(r-1-1)101231-233000_e_00_0107.bmp  350 214 0  354 214 43 95 350 214 115 95  354 213 45 0  349 213 117 0  0 0 0 0  
4347(r-1-1)101231-233000_e_00_0108.bmp  282 246 0  286 246 53 95 281 246 118 95  286 245 56 0  280 245 118 0  0 0 0 0  
4347(r-1-1)101231-233000_e_00_0109.bmp  302 238 0  303 238 53 85 297 238 119 85  302 236 55 0  297 238 119 0  0 0 0 0  
4347(r-1-1)101231-233000_e_00_0110.bmp  302 242 0  302 242 51 90 297 242 116 90  303 239 53 0  296 239 118 0  0 0 0 0  
4347(r-1-1)101231-233000_e_00_0111.bmp  302 278 0  305 278 54 100 301 278 119 100  305 276 56 0  298 273 121 0  0 0 0 0  
4347(r-1-1)101231-233000_e_00_0112.bmp  326 278 0  326 278 58 85 317 278 124 85  326 279 61 0  321 282 124 0  0 0 0 0  
4347(r-1-1)101231-233000_e_00_0113.bmp  310 262 0  312 266 51 100 305 266 114 100  312 260 54 0  304 260 117 0  0 0 0 0  
4347(r-1-1)101231-233000_e_00_0114.bmp  398 186 0  396 186 49 100 393 186 117 100  398 184 52 0  393 184 118 0  0 0 0 0  
4347(r-1-1)101231-233000_e_00_0115.bmp  354 198 0  355 198 47 100 349 198 115 100  355 196 49 0  350 196 116 0  0 0 0 0  
4347(r-1-1)101231-233000_e_00_0116.bmp  350 206 0  350 206 45 100 344 206 116 100  350 206 49 0  345 206 118 0  0 0 0 0  
4347(r-1-1)101231-233000_e_00_0117.bmp  342 214 0  343 214 49 100 338 214 119 100  342 211 51 0  336 211 118 0  0 0 0 0  
4347(r-1-1)101231-233000_e_00_0118.bmp  298 222 0  302 222 46 100 296 222 119 100  301 220 47 0  296 221 118 0  0 0 0 0  
4347(r-1-1)101231-233000_e_00_0119.bmp  286 206 0  284 206 48 100 281 206 120 100  284 206 51 0  281 208 120 0  0 0 0 0  
4347(r-1-1)101231-233000_e_00_0120.bmp  298 226 0  304 226 52 100 298 226 120 100  301 226 51 0  297 228 120 0  0 0 0 0  
4347(r-1-1)101231-233000_e_00_0121.bmp  394 210 0  395 210 50 100 392 210 119 100  395 210 52 0  392 211 120 0  0 0 0 0  
4347(r-1-1)101231-233000_e_00_0122.bmp  326 238 0  326 238 51 100 321 238 120 100  325 239 54 0  321 240 120 0  0 0 0 0  
4347(r-1-1)101231-233000_e_00_0123.bmp  326 234 0  329 234 50 100 324 234 119 100  327 233 52 0  324 233 121 0  0 0 0 0  
4347(r-1-1)101231-233000_e_00_0124.bmp  342 226 0  341 222 52 100 337 222 120 100  341 222 54 0  337 225 120 0  0 0 0 0  
4347(r-1-1)101231-233000_e_00_0125.bmp  278 226 0  279 226 44 100 275 226 116 100  279 225 46 0  275 225 118 0  0 0 0 0  
4347(r-1-1)101231-233000_e_00_0126.bmp  274 226 0  280 226 46 100 274 226 117 100  279 226 48 0  276 229 118 0  0 0 0 0  
4347(r-1-1)101231-233000_e_00_0127.bmp  334 254 0  335 254 49 100 329 254 115 100  335 253 50 0  331 254 117 0  0 0 0 0  
4347(r-1-1)101231-233000_e_00_0128.bmp  314 246 0  312 246 47 100 307 246 117 100  311 244 48 0  306 244 119 0  0 0 0 0  
4347(r-1-1)101231-233000_e_00_0129.bmp  306 242 0  316 238 47 100 310 238 116 100  314 237 47 0  312 241 116 0  0 0 0 0  
4347(r-1-1)101231-233000_e_00_0130.bmp  222 214 0  223 214 44 100 218 214 119 100  223 211 46 0  219 211 120 0  0 0 0 0  
4347(r-1-1)101231-233000_e_00_0131.bmp  338 214 0  343 218 56 100 337 218 121 100  341 215 58 0  335 213 122 0  0 0 0 0  
4347(r-1-1)101231-233000_e_00_0132.bmp  334 202 0  335 202 55 90 330 202 119 90  335 201 58 0  330 201 121 0  0 0 0 0  
4347(r-1-1)101231-233000_e_00_0133.bmp  362 174 0  364 178 53 85 357 178 116 85  363 170 61 0  358 170 120 0  0 0 0 0  
4347(r-1-1)101231-233000_e_00_0134.bmp  430 246 0  430 246 57 85 425 246 121 85  428 245 59 0  422 242 123 0  0 0 0 0  
4347(r-1-1)101231-233000_e_00_0135.bmp  346 226 0  347 230 56 85 341 230 120 85  346 228 58 0  340 228 122 0  0 0 0 0  
4347(r-1-1)101231-233000_e_00_0136.bmp  334 222 0  332 222 56 85 325 222 119 85  332 221 59 0  325 220 122 0  0 0 0 0  
4347(r-1-1)101231-233000_e_00_0137.bmp  406 202 0  408 202 47 100 405 202 112 100  409 203 49 0  405 203 112 0  0 0 0 0  
4347(r-1-1)101231-233000_e_00_0138.bmp  354 262 0  355 258 48 100 350 258 113 100  354 259 49 0  351 259 113 0  0 0 0 0  
4347(r-1-1)101231-233000_e_00_0139.bmp  422 210 0  425 214 47 95 420 214 110 95  424 210 53 0  420 211 114 0  0 0 0 0  
4347(r-1-1)101231-233000_e_00_0140.bmp  370 262 0  372 262 49 100 369 262 116 100  372 260 52 0  368 260 117 0  0 0 0 0  
4347(r-1-1)101231-233000_e_00_0141.bmp  358 266 0  358 266 48 100 354 266 112 100  357 265 51 0  354 265 112 0  0 0 0 0  
4347(r-1-1)101231-233000_e_00_0142.bmp  378 254 0  378 254 48 100 374 254 115 100  377 253 51 0  374 254 116 0  0 0 0 0  
4347(r-1-1)101231-233000_e_00_0143.bmp  338 238 0  340 238 46 100 337 238 116 100  341 238 48 0  336 238 117 0  0 0 0 0  
4347(r-1-1)101231-233000_e_00_0144.bmp  318 230 0  321 230 49 100 315 230 120 100  319 229 50 0  314 230 120 0  0 0 0 0  
4347(r-1-1)101231-233000_e_00_0145.bmp  350 242 0  350 242 47 100 348 242 116 100  351 242 50 0  346 242 117 0  0 0 0 0  
4347(r-1-1)101231-233000_e_00_0146.bmp  370 250 0  370 250 50 100 367 250 117 100  371 251 53 0  365 251 119 0  0 0 0 0  
4347(r-1-1)101231-233000_e_00_0147.bmp  354 222 0  362 218 48 100 356 218 117 100  359 218 50 0  354 217 118 0  0 0 0 0  
4347(r-1-1)101231-233000_e_00_0148.bmp  370 242 0  369 242 49 95 363 242 118 95  369 239 52 0  363 239 119 0  0 0 0 0  
4347(r-1-1)101231-233000_e_00_0149.bmp  358 170 0  362 170 52 100 356 170 120 100  361 169 55 0  355 169 123 0  0 0 0 0  
4347(r-1-1)101231-233000_e_00_0150.bmp  266 186 0  271 186 53 100 264 186 120 100  269 186 54 0  264 189 121 0  0 0 0 0  
4347(r-1-1)101231-233000_e_00_0151.bmp  382 218 0  383 218 54 100 378 218 119 100  383 217 56 0  378 220 119 0  0 0 0 0  
4347(r-1-1)101231-233000_e_00_0152.bmp  334 234 0  336 234 53 100 333 234 119 100  337 234 56 0  332 234 121 0  0 0 0 0  
4347(r-1-1)101231-233000_e_00_0153.bmp  326 246 0  326 246 53 100 322 246 119 100  326 244 55 0  321 244 120 0  0 0 0 0  
4347(r-1-1)101231-233000_e_00_0154.bmp  338 230 0  340 230 53 100 335 230 117 100  340 229 56 0  336 229 120 0  0 0 0 0  
4347(r-1-1)101231-233000_e_00_0155.bmp  294 210 0  299 214 51 100 295 214 115 100  299 212 53 0  293 212 115 0  0 0 0 0  
4347(r-1-1)101231-233000_e_00_0156.bmp  290 214 0  294 214 53 100 289 214 118 100  293 212 55 0  288 213 118 0  0 0 0 0  
4347(r-1-1)101231-233000_e_00_0157.bmp  330 290 0  330 290 53 100 325 290 119 100  330 288 55 0  324 290 118 0  0 0 0 0  
4347(r-1-1)101231-233000_e_00_0158.bmp  326 238 0  327 238 54 100 323 238 118 100  327 237 56 0  323 238 118 0  0 0 0 0  
4347(r-1-1)101231-233000_e_00_0159.bmp  370 250 0  371 250 55 100 365 250 119 100  371 252 57 0  365 254 118 0  0 0 0 0  
4347(r-1-1)101231-233000_e_00_0160.bmp  378 250 0  376 250 55 100 372 250 119 100  376 249 57 0  370 249 120 0  0 0 0 0  
4347(r-1-1)101231-233000_e_00_0161.bmp  442 258 0  440 258 53 100 438 258 118 100  441 258 56 0  437 260 119 0  0 0 0 0  
4347(r-1-1)101231-233000_e_00_0162.bmp  330 298 0  339 298 53 100 332 298 115 100  336 297 54 0  333 301 116 0  0 0 0 0  
4347(r-1-1)101231-233000_e_00_0163.bmp  314 274 0  311 274 53 100 308 274 116 100  314 273 59 0  306 276 115 0  0 0 0 0  
4347(r-1-1)101231-233000_e_00_0164.bmp  318 226 0  319 226 52 100 316 226 115 100  319 226 54 0  314 226 116 0  0 0 0 0  
4347(r-1-1)101231-233000_e_00_0165.bmp  318 246 0  324 246 52 100 320 246 115 100  324 247 55 0  319 247 116 0  0 0 0 0  
4347(r-1-1)101231-233000_e_00_0166.bmp  314 242 0  314 242 54 100 310 242 114 100  313 240 56 0  310 240 116 0  0 0 0 0  
4347(r-1-1)101231-233000_e_00_0167.bmp  342 210 0  334 210 44 100 342 210 108 100  338 209 40 0  343 212 108 0  0 0 0 0  
4347(r-1-1)101231-233000_e_00_0168.bmp  358 258 0  356 258 38 100 361 258 120 100  356 256 41 0  361 259 120 0  0 0 0 0  
4347(r-1-1)101231-233000_e_00_0169.bmp  334 242 0  332 242 36 100 338 242 113 100  333 241 38 0  339 246 113 0  0 0 0 0  
4347(r-1-1)101231-233000_e_00_0170.bmp  366 282 0  365 282 37 100 368 282 117 100  363 280 40 0  369 284 116 0  0 0 0 0  
4347(r-1-1)101231-233000_e_00_0171.bmp  382 254 0  380 254 39 100 384 254 122 100  379 253 41 0  385 255 121 0  0 0 0 0  
4347(r-1-1)101231-233000_e_00_0172.bmp  374 266 0  372 266 41 100 378 266 123 100  372 264 41 0  378 266 123 0  0 0 0 0  
4347(r-1-1)101231-233000_e_00_0173.bmp  362 246 0  356 246 37 100 363 246 115 100  357 247 40 0  362 247 116 0  0 0 0 0  
4347(r-1-1)101231-233000_e_00_0174.bmp  386 234 0  377 234 39 100 380 234 117 100  373 233 42 0  381 237 119 0  0 0 0 0  
4347(r-1-1)101231-233000_e_00_0175.bmp  358 238 0  354 238 40 100 360 238 118 100  353 235 41 0  358 235 119 0  0 0 0 0  
4347(r-1-1)101231-233000_e_00_0176.bmp  386 262 0  378 262 38 100 383 262 116 100  378 262 41 0  383 262 117 0  0 0 0 0  
4347(r-1-1)101231-233000_e_00_0177.bmp  386 258 0  384 254 42 100 388 254 117 100  382 255 43 0  388 255 120 0  0 0 0 0  
4347(r-1-1)101231-233000_e_00_0178.bmp  382 254 0  379 254 41 100 386 254 119 100  380 250 42 0  386 254 119 0  0 0 0 0  
4347(r-1-1)101231-233000_e_00_0179.bmp  330 278 0  329 274 38 100 334 274 118 100  329 273 37 0  334 277 119 0  0 0 0 0  
4347(r-1-1)101231-233000_e_00_0180.bmp  342 262 0  343 262 36 100 347 262 119 100  341 260 38 0  347 264 120 0  0 0 0 0  
4347(r-1-1)101231-233000_e_00_0181.bmp  346 250 0  346 250 37 100 349 250 117 100  346 247 36 0  350 247 117 0  0 0 0 0  
4347(r-1-1)101231-233000_e_00_0182.bmp  378 238 0  372 238 36 100 376 238 116 100  372 238 37 0  378 242 116 0  0 0 0 0  
4347(r-1-1)101231-233000_e_00_0183.bmp  394 238 0  388 238 37 100 392 238 119 100  386 239 38 0  391 239 122 0  0 0 0 0  
4347(r-1-1)101231-233000_e_00_0184.bmp  358 234 0  356 234 38 100 363 234 120 100  357 234 39 0  362 237 121 0  0 0 0 0  
4347(r-1-1)101231-233000_e_00_0185.bmp  334 242 0  331 242 37 100 338 242 119 100  331 240 37 0  336 240 120 0  0 0 0 0  
4347(r-1-1)101231-233000_e_00_0186.bmp  346 234 0  345 234 43 100 347 234 121 100  341 234 42 0  346 234 123 0  0 0 0 0  
4347(r-1-1)101231-233000_e_00_0187.bmp  310 234 0  305 234 37 100 310 234 119 100  304 232 38 0  311 234 119 0  0 0 0 0  
4347(r-1-1)101231-233000_e_00_0188.bmp  330 226 0  323 222 39 100 331 222 119 100  323 223 39 0  329 223 122 0  0 0 0 0  
4347(r-1-1)101231-233000_e_00_0189.bmp  366 242 0  359 242 42 100 364 242 118 100  357 241 44 0  364 241 124 0  0 0 0 0  
4347(r-1-1)101231-233000_e_00_0190.bmp  350 214 0  350 214 39 100 354 214 119 100  347 211 39 0  353 211 121 0  0 0 0 0  
4347(r-1-1)101231-233000_e_00_0191.bmp  366 278 0  359 278 49 100 367 278 122 100  362 275 44 0  367 280 123 0  0 0 0 0  
4347(r-1-1)101231-233000_e_00_0192.bmp  338 234 0  334 238 46 100 336 238 121 100  331 235 47 0  336 235 124 0  0 0 0 0  
4347(r-1-1)101231-233000_e_00_0193.bmp  342 250 0  342 246 39 100 345 246 117 100  342 247 42 0  347 253 117 0  0 0 0 0  
4347(r-1-1)101231-233000_e_00_0194.bmp  342 242 0  337 238 41 100 343 238 119 100  338 239 41 0  344 245 119 0  0 0 0 0  
4347(r-1-1)101231-233000_e_00_0195.bmp  342 234 0  342 234 43 100 345 234 120 100  340 234 45 0  346 234 123 0  0 0 0 0  
4347(r-1-1)101231-233000_e_00_0196.bmp  354 234 0  351 234 42 100 355 234 118 100  351 230 42 0  355 236 120 0  0 0 0 0  
4347(r-1-1)101231-233000_e_00_0197.bmp  346 210 0  338 210 47 100 346 210 121 100  340 209 47 0  345 212 121 0  0 0 0 0  
4347(r-1-1)101231-233000_e_00_0198.bmp  334 246 0  336 246 46 100 340 246 119 100  334 244 48 0  340 244 121 0  0 0 0 0  
4347(r-1-1)101231-233000_e_00_0199.bmp  322 222 0  321 222 42 100 325 222 113 100  319 222 44 0  324 222 115 0  0 0 0 0  
4347(r-1-1)101231-233000_e_00_0200.bmp  326 238 0  320 238 50 100 327 238 122 100  321 236 50 0  325 236 125 0  0 0 0 0  
4347(r-1-1)101231-233000_e_00_0201.bmp  334 238 0  332 238 50 100 336 238 122 100  330 236 52 0  336 236 125 0  0 0 0 0  
4347(r-1-1)101231-233000_e_00_0202.bmp  338 246 0  337 246 46 100 342 246 117 100  337 244 48 0  341 245 118 0  0 0 0 0  
4347(r-1-1)101231-233000_e_00_0203.bmp  354 270 0  354 266 44 100 358 266 117 100  353 267 45 0  357 271 118 0  0 0 0 0  
4347(r-1-1)101231-233000_e_00_0204.bmp  362 258 0  357 262 42 100 362 262 119 100  356 261 45 0  360 263 118 0  0 0 0 0  
4347(r-1-1)101231-233000_e_00_0205.bmp  322 290 0  321 290 42 100 325 290 113 100  321 286 42 0  325 290 112 0  0 0 0 0  
4347(r-1-1)101231-233000_e_00_0206.bmp  382 254 0  379 254 42 100 384 254 118 100  380 254 44 0  383 254 118 0  0 0 0 0  
4347(r-1-1)101231-233000_e_00_0207.bmp  362 258 0  362 258 43 100 366 258 118 100  361 257 45 0  366 259 117 0  0 0 0 0  
4347(r-1-1)101231-233000_e_00_0208.bmp  370 258 0  367 258 41 100 371 258 116 100  368 258 44 0  372 260 117 0  0 0 0 0  
4347(r-1-1)101231-233000_e_00_0209.bmp  298 238 0  293 234 48 100 297 234 124 100  293 234 48 0  298 234 126 0  0 0 0 0  
4347(r-1-1)101231-233000_e_00_0210.bmp  270 174 0  266 174 45 100 270 174 121 100  264 177 46 0  271 177 126 0  0 0 0 0  
4347(r-1-1)101231-233000_e_00_0211.bmp  322 230 0  322 230 42 100 329 230 117 100  322 227 45 0  328 230 118 0  0 0 0 0  
4347(r-1-1)101231-233000_e_00_0212.bmp  306 234 0  304 234 43 100 307 234 123 100  303 235 46 0  308 235 126 0  0 0 0 0  
4347(r-1-1)101231-233000_e_00_0213.bmp  330 226 0  327 226 44 100 331 226 123 100  325 228 46 0  331 228 126 0  0 0 0 0  
4347(r-1-1)101231-233000_e_00_0214.bmp  310 242 0  307 242 41 100 315 242 118 100  309 238 43 0  315 242 118 0  0 0 0 0  
4347(r-1-1)101231-233000_e_00_0215.bmp  322 198 0  314 198 44 100 318 198 120 100  312 196 44 0  320 199 120 0  0 0 0 0  
4347(r-1-1)101231-233000_e_00_0216.bmp  346 218 0  346 218 47 100 349 218 120 100  343 219 46 0  350 219 123 0  0 0 0 0  
4347(r-1-1)101231-233000_e_00_0217.bmp  326 222 0  326 222 45 100 332 222 121 100  325 220 47 0  332 220 123 0  0 0 0 0  
4347(r-1-1)101231-233000_e_00_0218.bmp  298 234 0  289 230 50 100 298 230 120 100  293 228 46 0  299 228 123 0  0 0 0 0  
4347(r-1-1)101231-233000_e_00_0219.bmp  334 234 0  332 234 46 100 334 234 122 100  327 234 47 0  334 234 123 0  0 0 0 0  
4347(r-1-1)101231-233000_e_00_0220.bmp  358 226 0  356 226 41 100 362 226 113 100  356 226 45 0  362 228 116 0  0 0 0 0  
4347(r-1-1)101231-233000_e_00_0221.bmp  342 214 0  335 214 42 100 341 214 116 100  335 216 43 0  341 219 118 0  0 0 0 0  
4347(r-1-1)101231-233000_e_00_0222.bmp  326 218 0  324 218 45 100 328 218 126 100  320 216 47 0  328 216 128 0  0 0 0 0  
4347(r-1-1)101231-233000_e_00_0223.bmp  314 218 0  313 218 41 100 320 218 119 100  313 216 43 0  319 216 120 0  0 0 0 0  
4347(r-1-1)101231-233000_e_00_0224.bmp  330 226 0  326 222 42 100 332 222 117 100  325 223 42 0  330 226 118 0  0 0 0 0  
4347(r-1-1)101231-233000_e_00_0225.bmp  338 230 0  330 234 45 100 333 234 122 100  328 233 47 0  333 233 126 0  0 0 0 0  
4347(r-1-1)101231-233000_e_00_0226.bmp  342 222 0  336 222 41 100 342 222 115 100  337 219 44 0  343 221 118 0  0 0 0 0  
4347(r-1-1)101231-233000_e_00_0227.bmp  330 222 0  324 222 45 100 330 222 119 100  323 220 43 0  329 220 122 0  0 0 0 0  
4347(r-1-1)101231-233000_e_00_0228.bmp  274 226 0  272 226 40 100 275 226 118 100  270 227 41 0  278 227 119 0  0 0 0 0  
4347(r-1-1)101231-233000_e_00_0229.bmp  326 238 0  323 242 39 100 329 242 116 100  323 239 41 0  329 239 118 0  0 0 0 0  
4347(r-1-1)101231-233000_e_00_0230.bmp  346 226 0  340 226 46 100 347 226 127 100  340 225 46 0  347 225 128 0  0 0 0 0  
4347(r-1-1)101231-233000_e_00_0231.bmp  362 210 0  356 214 43 100 358 214 118 100  353 212 43 0  358 212 120 0  0 0 0 0  
4347(r-1-1)101231-233000_e_00_0232.bmp  334 246 0  333 242 44 100 337 242 119 100  332 241 44 0  338 241 120 0  0 0 0 0  
4347(r-1-1)101231-233000_e_00_0233.bmp  322 270 0  317 266 45 100 322 266 120 100  317 266 46 0  323 270 120 0  0 0 0 0  
4347(r-1-1)101231-233000_e_00_0234.bmp  310 254 0  309 254 44 100 313 254 117 100  309 253 46 0  314 257 117 0  0 0 0 0  
4347(r-1-1)101231-233000_e_00_0235.bmp  330 222 0  327 222 44 100 331 222 119 100  326 219 46 0  332 224 119 0  0 0 0 0  
4347(r-1-1)101231-233000_e_00_0236.bmp  322 254 0  320 254 45 100 324 254 119 100  320 252 47 0  324 256 119 0  0 0 0 0  
4347(r-1-1)101231-233000_e_00_0237.bmp  298 238 0  298 238 46 100 302 238 118 100  298 238 47 0  303 238 120 0  0 0 0 0  
4347(r-1-1)101231-233000_e_00_0238.bmp  346 254 0  346 258 46 100 350 258 119 100  346 254 48 0  350 258 119 0  0 0 0 0  
4347(r-1-1)101231-233000_e_00_0239.bmp  306 242 0  305 242 45 100 309 242 127 100  303 240 46 0  310 243 127 0  0 0 0 0  
4347(r-1-1)101231-233000_e_00_0240.bmp  290 214 0  289 214 46 100 293 214 118 100  286 214 46 0  293 214 121 0  0 0 0 0  
4347(r-1-1)101231-233000_e_00_0241.bmp  306 214 0  306 214 46 100 312 214 117 100  304 213 46 0  310 213 121 0  0 0 0 0  
4347(r-1-1)101231-233000_e_00_0242.bmp  334 218 0  328 218 45 100 335 218 128 100  329 220 47 0  334 220 129 0  0 0 0 0  
4347(r-1-1)101231-233000_e_00_0243.bmp  322 218 0  321 218 44 100 323 218 120 100  318 217 45 0  324 217 122 0  0 0 0 0  
4347(r-1-1)101231-233000_e_00_0244.bmp  310 238 0  311 238 40 100 315 238 114 100  310 235 43 0  316 236 115 0  0 0 0 0  
4347(r-1-1)101231-233000_e_00_0245.bmp  342 270 0  349 278 49 95 343 278 118 95  349 276 50 0  343 276 121 0  0 0 0 0  
4347(r-1-1)101231-233000_e_00_0246.bmp  298 250 0  304 250 40 100 299 250 118 100  304 248 41 0  298 250 117 0  0 0 0 0  
4347(r-1-1)101231-233000_e_00_0247.bmp  342 230 0  340 230 44 100 335 230 116 100  339 228 44 0  335 228 117 0  0 0 0 0  
4347(r-1-1)101231-233000_e_00_0248.bmp  334 194 0  338 194 42 100 336 194 117 100  339 195 43 0  334 195 118 0  0 0 0 0  
4347(r-1-1)101231-233000_e_00_0249.bmp  334 214 0  338 214 43 100 334 214 118 100  339 213 44 0  334 214 118 0  0 0 0 0  
4347(r-1-1)101231-233000_e_00_0250.bmp  330 214 0  328 214 42 100 324 214 117 100  329 215 44 0  325 218 118 0  0 0 0 0  
4347(r-1-1)101231-233000_e_00_0251.bmp  334 230 0  335 234 49 100 331 234 118 100  336 230 50 0  330 232 116 0  0 0 0 0  
4347(r-1-1)101231-233000_e_00_0252.bmp  342 258 0  344 258 49 100 340 258 119 100  344 256 49 0  338 257 118 0  0 0 0 0  
4347(r-1-1)101231-233000_e_00_0253.bmp  286 274 0  285 274 47 100 281 274 117 100  285 273 49 0  279 275 116 0  0 0 0 0  
4347(r-1-1)101231-233000_e_00_0254.bmp  358 258 0  355 262 51 100 351 262 119 100  356 259 52 0  349 261 118 0  0 0 0 0  
4347(r-1-1)101231-233000_e_00_0255.bmp  350 266 0  351 266 52 100 347 266 119 100  352 264 52 0  345 266 118 0  0 0 0 0  
4347(r-1-1)101231-233000_e_00_0256.bmp  374 266 0  371 266 50 100 367 266 117 100  371 264 51 0  365 265 117 0  0 0 0 0  
4347(r-1-1)101231-233000_e_00_0257.bmp  334 242 0  340 246 45 100 336 246 118 100  341 246 46 0  335 246 119 0  0 0 0 0  
4347(r-1-1)101231-233000_e_00_0258.bmp  310 238 0  320 238 46 100 313 238 122 100  319 237 47 0  314 237 124 0  0 0 0 0  
4347(r-1-1)101231-233000_e_00_0259.bmp  302 218 0  305 218 45 100 300 218 115 100  304 216 46 0  299 217 116 0  0 0 0 0  
4347(r-1-1)101231-233000_e_00_0260.bmp  358 242 0  353 242 49 100 349 242 120 100  354 240 50 0  349 240 119 0  0 0 0 0  
4347(r-1-1)101231-233000_e_00_0261.bmp  338 234 0  337 234 48 100 331 234 117 100  336 232 49 0  332 232 118 0  0 0 0 0  
4347(r-1-1)101231-233000_e_00_0262.bmp  346 242 0  345 242 47 100 340 242 117 100  345 241 50 0  340 243 117 0  0 0 0 0  
4347(r-1-1)101231-233000_e_00_0263.bmp  306 238 0  304 238 46 100 307 238 124 100  303 238 47 0  308 238 125 0  0 0 0 0  
4347(r-1-1)101231-233000_e_00_0264.bmp  330 206 0  321 206 44 100 322 206 123 100  318 206 45 0  322 206 124 0  0 0 0 0  
4347(r-1-1)101231-233000_e_00_0265.bmp  314 254 0  313 254 43 100 315 254 115 100  311 253 45 0  316 255 116 0  0 0 0 0  
4347(r-1-1)101231-233000_e_00_0266.bmp  326 250 0  322 250 42 100 326 250 118 100  322 247 44 0  327 249 118 0  0 0 0 0  
4347(r-1-1)101231-233000_e_00_0267.bmp  310 238 0  303 242 45 100 307 242 123 100  300 242 46 0  306 242 126 0  0 0 0 0  
4347(r-1-1)101231-233000_e_00_0268.bmp  326 246 0  326 246 43 100 330 246 115 100  325 245 45 0  330 245 118 0  0 0 0 0  
4347(r-1-1)101231-233000_e_00_0269.bmp  354 218 0  348 218 48 100 354 218 122 100  348 215 49 0  354 215 123 0  0 0 0 0  
4347(r-1-1)101231-233000_e_00_0270.bmp  318 218 0  312 218 44 100 315 218 117 100  311 220 44 0  316 220 121 0  0 0 0 0  
4347(r-1-1)101231-233000_e_00_0271.bmp  346 222 0  344 218 42 100 349 218 117 100  343 217 43 0  350 221 119 0  0 0 0 0  
4347(r-1-1)101231-233000_e_00_0272.bmp  314 210 0  311 206 43 100 316 206 123 100  311 205 43 0  316 205 125 0  0 0 0 0  
4347(r-1-1)101231-233000_e_00_0273.bmp  306 226 0  307 226 47 100 310 226 122 100  306 226 47 0  311 226 125 0  0 0 0 0  
4347(r-1-1)101231-233000_e_00_0274.bmp  326 250 0  324 250 45 100 327 250 116 100  323 247 45 0  327 247 120 0  0 0 0 0  
4347(r-1-1)101231-233000_e_00_0275.bmp  366 218 0  358 218 43 100 362 218 118 100  357 219 43 0  362 219 121 0  0 0 0 0  
4347(r-1-1)101231-233000_e_00_0276.bmp  342 230 0  333 230 46 100 336 230 115 100  331 229 45 0  336 229 120 0  0 0 0 0  
4347(r-1-1)101231-233000_e_00_0277.bmp  346 226 0  345 226 39 100 350 226 116 100  344 223 41 0  350 226 116 0  0 0 0 0  
4347(r-1-1)101231-233000_e_00_0278.bmp  338 238 0  332 238 46 100 337 238 122 100  331 236 46 0  336 236 126 0  0 0 0 0  
4347(r-1-1)101231-233000_e_00_0279.bmp  338 234 0  329 234 45 100 332 234 116 100  327 232 44 0  332 232 120 0  0 0 0 0  
4347(r-1-1)101231-233000_e_00_0280.bmp  330 234 0  329 230 40 100 332 230 114 100  327 229 42 0  332 230 117 0  0 0 0 0  
4347(r-1-1)101231-233000_e_00_0281.bmp  262 206 0  258 206 49 100 262 206 121 100  257 204 49 0  262 204 125 0  0 0 0 0  
4347(r-1-1)101231-233000_e_00_0282.bmp  342 202 0  334 202 50 100 336 202 122 100  330 203 50 0  335 203 124 0  0 0 0 0  
4347(r-1-1)101231-233000_e_00_0283.bmp  294 198 0  291 198 41 100 297 198 111 100  291 197 42 0  297 197 112 0  0 0 0 0  
4347(r-1-1)101231-233000_e_00_0284.bmp  334 226 0  329 226 49 100 335 226 121 100  330 226 50 0  334 226 125 0  0 0 0 0  
4347(r-1-1)101231-233000_e_00_0285.bmp  334 242 0  330 242 50 100 333 242 121 100  327 242 51 0  333 242 125 0  0 0 0 0  
4347(r-1-1)101231-233000_e_00_0286.bmp  306 226 0  306 226 49 100 308 226 121 100  303 223 50 0  308 226 124 0  0 0 0 0  
4347(r-1-1)101231-233000_e_00_0287.bmp  358 246 0  357 246 44 100 362 246 117 100  356 243 45 0  363 245 117 0  0 0 0 0  
4347(r-1-1)101231-233000_e_00_0288.bmp  386 242 0  377 246 42 100 383 246 117 100  378 245 44 0  384 245 119 0  0 0 0 0  
4347(r-1-1)101231-233000_e_00_0289.bmp  366 258 0  363 254 42 100 370 254 114 100  364 253 44 0  371 257 115 0  0 0 0 0  
4347(r-1-1)101231-233000_e_00_0290.bmp  350 262 0  347 262 43 100 351 262 117 100  347 259 44 0  353 262 117 0  0 0 0 0  
4347(r-1-1)101231-233000_e_00_0291.bmp  350 234 0  353 230 42 100 356 230 117 100  351 231 44 0  357 231 119 0  0 0 0 0  
4347(r-1-1)101231-233000_e_00_0292.bmp  322 270 0  322 270 43 100 326 270 117 100  322 264 44 0  327 267 116 0  0 0 0 0  
4347(r-1-1)101231-233000_e_00_0293.bmp  354 238 0  353 238 48 100 357 238 116 100  351 237 48 0  356 240 116 0  0 0 0 0  
4347(r-1-1)101231-233000_e_00_0294.bmp  342 226 0  341 226 50 100 345 226 120 100  339 223 50 0  346 223 121 0  0 0 0 0  
4347(r-1-1)101231-233000_e_00_0295.bmp  366 250 0  365 246 46 100 369 246 117 100  364 245 46 0  371 250 118 0  0 0 0 0  
4347(r-1-1)101231-233000_e_00_0296.bmp  378 226 0  376 230 51 100 378 230 117 100  374 224 50 0  378 228 118 0  0 0 0 0  
4347(r-1-1)101231-233000_e_00_0297.bmp  374 222 0  372 222 54 100 373 222 119 100  370 220 53 0  373 224 119 0  0 0 0 0  
4347(r-1-1)101231-233000_e_00_0298.bmp  382 238 0  382 234 49 100 386 234 115 100  381 234 49 0  386 238 117 0  0 0 0 0  
4347(r-1-1)101231-233000_e_00_0299.bmp  306 218 0  297 214 41 100 307 214 119 100  297 215 43 0  304 218 121 0  0 0 0 0  
4347(r-1-1)101231-233000_e_00_0300.bmp  306 246 0  308 242 46 100 312 242 121 100  304 244 47 0  312 244 124 0  0 0 0 0  
4347(r-1-1)101231-233000_e_00_0301.bmp  334 194 0  332 190 41 100 336 190 117 100  330 191 43 0  336 191 119 0  0 0 0 0  
4347(r-1-1)101231-233000_e_00_0302.bmp  338 210 0  337 206 46 100 340 206 122 100  335 207 48 0  340 207 124 0  0 0 0 0  
4347(r-1-1)101231-233000_e_00_0303.bmp  342 214 0  335 218 47 100 337 218 122 100  333 216 47 0  337 216 124 0  0 0 0 0  
4347(r-1-1)101231-233000_e_00_0304.bmp  314 218 0  314 218 45 100 318 218 120 100  314 213 47 0  319 213 123 0  0 0 0 0  
4347(r-1-1)101231-233000_e_00_0305.bmp  318 194 0  312 194 42 100 317 194 117 100  312 193 45 0  319 196 117 0  0 0 0 0  
4347(r-1-1)101231-233000_e_00_0306.bmp  326 190 0  327 190 45 100 330 190 123 100  323 188 47 0  330 188 123 0  0 0 0 0  
4347(r-1-1)101231-233000_e_00_0307.bmp  314 206 0  312 206 44 100 317 206 117 100  311 204 47 0  317 208 119 0  0 0 0 0  
4347(r-1-1)101231-233000_e_00_0308.bmp  306 218 0  305 218 46 100 308 218 124 100  303 217 49 0  308 217 125 0  0 0 0 0  
4347(r-1-1)101231-233000_e_00_0309.bmp  318 222 0  318 222 46 100 320 222 121 100  316 222 50 0  321 222 125 0  0 0 0 0  
4347(r-1-1)101231-233000_e_00_0310.bmp  318 238 0  318 234 44 100 322 234 117 100  315 233 45 0  322 237 118 0  0 0 0 0  
4347(r-1-1)101231-233000_e_00_0311.bmp  298 214 0  294 214 43 100 298 214 125 100  296 209 43 0  299 209 127 0  0 0 0 0  
4347(r-1-1)101231-233000_e_00_0312.bmp  314 226 0  313 226 43 100 316 226 125 100  312 224 46 0  316 224 128 0  0 0 0 0  
4347(r-1-1)101231-233000_e_00_0313.bmp  302 222 0  304 218 40 100 306 218 120 100  302 218 42 0  307 221 119 0  0 0 0 0  
4347(r-1-1)101231-233000_e_00_0314.bmp  302 222 0  298 222 43 100 301 222 125 100  296 220 46 0  300 220 128 0  0 0 0 0  
4347(r-1-1)101231-233000_e_00_0315.bmp  318 218 0  316 222 39 100 319 222 118 100  316 221 42 0  319 225 119 0  0 0 0 0  
4347(r-1-1)101231-233000_e_00_0316.bmp  302 218 0  302 222 43 100 305 222 117 100  301 218 43 0  306 224 120 0  0 0 0 0  
4347(r-1-1)101231-233000_e_00_0317.bmp  338 238 0  338 238 44 100 343 238 120 100  337 237 45 0  343 237 121 0  0 0 0 0  
4347(r-1-1)101231-233000_e_00_0318.bmp  346 226 0  346 226 43 100 349 226 120 100  343 225 45 0  349 228 121 0  0 0 0 0  
4347(r-1-1)101231-233000_e_00_0319.bmp  330 234 0  328 234 41 100 333 234 121 100  326 233 44 0  332 233 121 0  0 0 0 0  
4347(r-1-1)101231-233000_e_00_0320.bmp  294 234 0  295 234 44 100 300 234 119 100  294 232 45 0  300 237 121 0  0 0 0 0  
4347(r-1-1)101231-233000_e_00_0321.bmp  286 234 0  285 234 42 100 291 234 120 100  284 236 45 0  289 236 123 0  0 0 0 0  
4347(r-1-1)101231-233000_e_00_0322.bmp  330 238 0  327 238 39 100 332 238 114 100  326 235 41 0  331 235 115 0  0 0 0 0  
4347(r-1-1)101231-233000_e_00_0323.bmp  346 258 0  342 258 46 100 344 258 117 100  341 254 47 0  344 257 118 0  0 0 0 0  
4347(r-1-1)101231-233000_e_00_0324.bmp  334 258 0  331 258 49 100 335 258 121 100  334 257 50 0  336 257 121 0  0 0 0 0  
4347(r-1-1)101231-233000_e_00_0325.bmp  362 266 0  360 266 46 100 363 266 115 100  360 263 46 0  364 264 114 0  0 0 0 0  
4347(r-1-1)101231-233000_e_00_0326.bmp  362 254 0  360 254 49 100 362 254 114 100  359 254 49 0  361 256 114 0  0 0 0 0  
4347(r-1-1)101231-233000_e_00_0327.bmp  338 254 0  337 258 50 100 339 258 119 100  336 256 51 0  340 259 119 0  0 0 0 0  
4347(r-1-1)101231-233000_e_00_0328.bmp  346 254 0  346 254 50 100 349 254 114 100  345 251 49 0  347 251 115 0  0 0 0 0  
4347(r-1-1)101231-233000_e_00_0329.bmp  350 210 0  359 214 43 100 354 214 119 100  360 213 45 0  355 213 121 0  0 0 0 0  
4347(r-1-1)101231-233000_e_00_0330.bmp  406 210 0  411 210 44 100 405 210 119 100  411 211 44 0  406 211 121 0  0 0 0 0  
4347(r-1-1)101231-233000_e_00_0331.bmp  358 222 0  355 222 41 85 351 222 119 85  356 222 46 0  351 224 120 0  0 0 0 0  
4347(r-1-1)101231-233000_e_00_0332.bmp  354 214 0  359 218 44 100 353 218 117 100  358 216 46 0  351 216 119 0  0 0 0 0  
4347(r-1-1)101231-233000_e_00_0333.bmp  318 226 0  317 226 53 100 312 226 120 100  319 229 50 0  314 233 122 0  0 0 0 0  
4347(r-1-1)101231-233000_e_00_0334.bmp  378 226 0  379 226 45 100 375 226 119 100  379 226 46 0  375 226 120 0  0 0 0 0  
4347(r-1-1)101231-233000_e_00_0335.bmp  346 202 0  356 206 37 100 352 206 106 100  356 205 40 0  351 205 107 0  0 0 0 0  
4347(r-1-1)101231-233000_e_00_0336.bmp  358 222 0  367 222 43 100 357 222 106 100  362 220 40 0  359 220 108 0  0 0 0 0  
4347(r-1-1)101231-233000_e_00_0337.bmp  354 230 0  352 230 39 100 347 230 116 100  352 227 42 0  347 228 117 0  0 0 0 0  
4347(r-1-1)101231-233000_e_00_0338.bmp  342 226 0  350 230 42 100 347 230 111 100  350 227 43 0  345 227 111 0  0 0 0 0  
4347(r-1-1)101231-233000_e_00_0339.bmp  354 230 0  357 230 41 100 353 230 112 100  356 229 42 0  351 230 111 0  0 0 0 0  
4347(r-1-1)101231-233000_e_00_0340.bmp  346 250 0  345 250 39 100 339 250 110 100  344 251 42 0  339 251 111 0  0 0 0 0  
4347(r-1-1)101231-233000_e_00_0341.bmp  386 238 0  380 238 42 100 378 238 118 100  382 238 42 0  377 238 118 0  0 0 0 0  
4347(r-1-1)101231-233000_e_00_0342.bmp  370 234 0  378 234 43 100 374 234 118 100  377 234 42 0  372 235 117 0  0 0 0 0  
4347(r-1-1)101231-233000_e_00_0343.bmp  334 242 0  333 242 42 100 330 242 119 100  332 241 44 0  327 242 119 0  0 0 0 0  
4347(r-1-1)101231-233000_e_00_0344.bmp  350 234 0  356 234 44 100 354 234 118 100  356 233 44 0  351 233 118 0  0 0 0 0  
4347(r-1-1)101231-233000_e_00_0345.bmp  350 238 0  354 238 45 100 348 238 117 100  353 237 45 0  349 239 117 0  0 0 0 0  
4347(r-1-1)101231-233000_e_00_0346.bmp  358 230 0  361 230 43 100 355 230 117 100  360 230 44 0  356 230 118 0  0 0 0 0  
4347(r-1-1)101231-233000_e_00_0347.bmp  382 198 0  389 198 49 100 386 198 121 100  390 199 49 0  386 199 123 0  0 0 0 0  
4347(r-1-1)101231-233000_e_00_0348.bmp  406 182 0  405 182 52 100 402 182 122 100  406 182 52 0  402 184 121 0  0 0 0 0  
4347(r-1-1)101231-233000_e_00_0349.bmp  354 214 0  349 210 45 100 346 210 114 100  352 212 46 0  346 213 115 0  0 0 0 0  
4347(r-1-1)101231-233000_e_00_0350.bmp  354 230 0  356 230 51 100 353 230 121 100  357 230 52 0  353 230 122 0  0 0 0 0  
4347(r-1-1)101231-233000_e_00_0351.bmp  330 230 0  334 226 51 100 329 226 120 100  333 227 51 0  330 227 121 0  0 0 0 0  
4347(r-1-1)101231-233000_e_00_0352.bmp  362 226 0  360 226 50 100 356 226 118 100  361 225 51 0  357 225 121 0  0 0 0 0  
4347(r-1-1)101231-233000_e_00_0353.bmp  366 262 0  359 262 43 100 356 262 118 100  361 261 43 0  357 261 119 0  0 0 0 0  
4347(r-1-1)101231-233000_e_00_0354.bmp  350 242 0  354 246 43 100 351 246 120 100  354 243 43 0  350 247 118 0  0 0 0 0  
4347(r-1-1)101231-233000_e_00_0355.bmp  354 266 0  353 266 42 100 350 266 115 100  353 264 42 0  349 264 115 0  0 0 0 0  
4347(r-1-1)101231-233000_e_00_0356.bmp  362 266 0  359 266 46 100 356 266 118 100  360 265 46 0  355 266 117 0  0 0 0 0  
4347(r-1-1)101231-233000_e_00_0357.bmp  374 254 0  378 258 44 100 376 258 118 100  379 256 44 0  376 259 117 0  0 0 0 0  
4347(r-1-1)101231-233000_e_00_0358.bmp  370 266 0  370 270 45 100 367 270 117 100  370 268 45 0  365 272 117 0  0 0 0 0  
4347(r-1-1)101231-233000_e_00_0359.bmp  406 266 0  410 266 49 100 407 266 116 100  411 264 51 0  407 264 117 0  0 0 0 0  
4347(r-1-1)101231-233000_e_00_0360.bmp  374 234 0  376 234 49 100 372 234 116 100  378 236 51 0  374 236 117 0  0 0 0 0  
4347(r-1-1)101231-233000_e_00_0361.bmp  438 178 0  439 178 50 95 436 178 120 95  440 179 51 0  439 182 121 0  0 0 0 0  
4347(r-1-1)101231-233000_e_00_0362.bmp  342 234 0  345 234 47 100 344 234 116 100  347 234 48 0  343 237 116 0  0 0 0 0  
4347(r-1-1)101231-233000_e_00_0363.bmp  378 238 0  375 238 48 100 374 238 119 100  376 235 48 0  373 237 119 0  0 0 0 0  
4347(r-1-1)101231-233000_e_00_0364.bmp  370 234 0  370 238 48 100 367 238 115 100  371 235 49 0  369 235 116 0  0 0 0 0  
4347(r-1-1)101231-233000_e_00_0365.bmp  346 202 0  348 202 49 100 345 202 120 100  349 204 50 0  344 204 121 0  0 0 0 0  
4347(r-1-1)101231-233000_e_00_0366.bmp  362 214 0  365 214 49 100 362 214 118 100  365 214 48 0  361 214 118 0  0 0 0 0  
4347(r-1-1)101231-233000_e_00_0367.bmp  358 202 0  360 202 49 100 352 202 119 100  357 201 53 0  353 201 123 0  0 0 0 0  
4347(r-1-1)101231-233000_e_00_0368.bmp  330 242 0  335 246 48 100 334 246 121 100  338 245 48 0  333 244 121 0  0 0 0 0  
4347(r-1-1)101231-233000_e_00_0369.bmp  354 238 0  350 238 50 100 347 238 120 100  353 238 48 0  347 237 121 0  0 0 0 0  
4347(r-1-1)101231-233000_e_00_0370.bmp  390 214 0  384 214 48 100 381 214 119 100  389 214 47 0  381 215 120 0  0 0 0 0  
4347(r-1-1)101231-233000_e_00_0371.bmp  374 218 0  369 218 48 100 366 218 120 100  370 219 49 0  366 219 121 0  0 0 0 0  
4347(r-1-1)101231-233000_e_00_0372.bmp  310 238 0  318 242 51 100 313 242 119 100  319 241 50 0  315 241 121 0  0 0 0 0  
4347(r-1-1)101231-233000_e_00_0373.bmp  334 246 0  330 246 50 100 328 246 120 100  333 247 50 0  329 247 120 0  0 0 0 0  
4347(r-1-1)101231-233000_e_00_0374.bmp  346 210 0  349 214 50 100 347 214 120 100  350 214 51 0  346 214 121 0  0 0 0 0  
4347(r-1-1)101231-233000_e_00_0375.bmp  314 198 0  326 198 50 100 319 198 122 100  328 200 49 0  322 200 120 0  0 0 0 0  
4347(r-1-1)101231-233000_e_00_0376.bmp  378 210 0  377 214 51 100 374 214 119 100  378 212 51 0  374 215 119 0  0 0 0 0  
4347(r-1-1)101231-233000_e_00_0377.bmp  374 246 0  371 246 49 100 368 246 122 100  372 246 51 0  367 246 124 0  0 0 0 0  
4347(r-1-1)101231-233000_e_00_0378.bmp  346 218 0  354 210 47 100 349 210 115 100  354 212 46 0  351 212 116 0  0 0 0 0  
4347(r-1-1)101231-233000_e_00_0379.bmp  306 226 0  304 226 46 100 299 226 115 100  306 225 47 0  301 225 116 0  0 0 0 0  
4347(r-1-1)101231-233000_e_00_0380.bmp  346 250 0  345 250 50 100 342 250 122 100  346 248 51 0  341 248 123 0  0 0 0 0  
4347(r-1-1)101231-233000_e_00_0381.bmp  350 250 0  350 250 51 100 346 250 122 100  350 250 51 0  344 252 122 0  0 0 0 0  
4347(r-1-1)101231-233000_e_00_0382.bmp  350 250 0  347 246 47 100 344 246 115 100  349 247 48 0  345 247 116 0  0 0 0 0  
4347(r-1-1)101231-233000_e_00_0383.bmp  386 266 0  389 270 50 100 385 270 120 100  389 268 50 0  384 268 124 0  0 0 0 0  
4347(r-1-1)101231-233000_e_00_0384.bmp  342 222 0  347 222 46 100 341 222 117 100  346 223 48 0  343 223 119 0  0 0 0 0  
4347(r-1-1)101231-233000_e_00_0385.bmp  302 234 0  303 234 46 100 296 234 118 100  301 233 48 0  297 233 120 0  0 0 0 0  
4347(r-1-1)101231-233000_e_00_0386.bmp  346 246 0  345 246 48 100 341 246 118 100  345 245 49 0  340 245 119 0  0 0 0 0  
4347(r-1-1)101231-233000_e_00_0387.bmp  366 250 0  364 254 49 100 358 254 118 100  362 252 49 0  358 256 119 0  0 0 0 0  
4347(r-1-1)101231-233000_e_00_0388.bmp  346 234 0  346 234 47 100 340 234 116 100  345 233 49 0  341 233 119 0  0 0 0 0  
4347(r-1-1)101231-233000_e_00_0389.bmp  350 234 0  347 234 50 100 343 234 114 100  348 236 51 0  343 239 115 0  0 0 0 0  
4347(r-1-1)101231-233000_e_00_0390.bmp  358 278 0  360 278 51 85 353 278 116 85  360 278 52 0  354 278 119 0  0 0 0 0  
4347(r-1-1)101231-233000_e_00_0391.bmp  346 250 0  344 250 50 100 341 250 115 100  343 250 51 0  338 252 115 0  0 0 0 0  
4347(r-1-1)101231-233000_e_00_0392.bmp  334 242 0  331 242 50 100 327 242 115 100  332 242 51 0  327 244 115 0  0 0 0 0  
4347(r-1-1)101231-233000_e_00_0393.bmp  334 242 0  334 242 51 100 331 242 116 100  333 243 51 0  329 246 115 0  0 0 0 0  
4347(r-1-1)101231-233000_e_00_0394.bmp  354 242 0  351 242 50 100 347 242 115 100  351 242 52 0  346 244 115 0  0 0 0 0  
4349(r-1-1)101231-233000_e_00_0000.bmp  362 270 0  357 270 66 100 364 270 122 100  357 267 67 0  363 267 125 0  0 0 0 0  
4349(r-1-1)101231-233000_e_00_0001.bmp  334 222 0  334 222 62 100 340 222 122 100  332 219 64 0  338 219 124 0  0 0 0 0  
4349(r-1-1)101231-233000_e_00_0002.bmp  350 214 0  341 218 62 100 348 218 124 100  339 213 65 0  345 215 125 0  0 0 0 0  
4349(r-1-1)101231-233000_e_00_0003.bmp  366 218 0  368 218 65 100 375 218 131 100  367 214 68 0  374 217 132 0  0 0 0 0  
4349(r-1-1)101231-233000_e_00_0004.bmp  306 226 0  308 226 64 100 315 226 121 100  309 223 66 0  314 223 124 0  0 0 0 0  
4349(r-1-1)101231-233000_e_00_0005.bmp  366 234 0  364 234 67 100 371 234 128 100  364 233 70 0  370 233 131 0  0 0 0 0  
4349(r-1-1)101231-233000_e_00_0006.bmp  306 230 0  300 234 63 100 307 234 123 100  298 228 64 0  305 228 125 0  0 0 0 0  
4349(r-1-1)101231-233000_e_00_0007.bmp  350 254 0  347 254 64 100 355 254 124 100  346 252 65 0  353 252 128 0  0 0 0 0  
4349(r-1-1)101231-233000_e_00_0008.bmp  338 242 0  326 246 69 100 335 246 133 100  324 244 72 0  331 247 136 0  0 0 0 0  
4349(r-1-1)101231-233000_e_00_0009.bmp  330 246 0  330 246 65 100 338 246 124 100  329 243 66 0  335 243 127 0  0 0 0 0  
4349(r-1-1)101231-233000_e_00_0010.bmp  330 242 0  320 242 67 100 329 242 125 100  320 240 68 0  327 240 127 0  0 0 0 0  
4349(r-1-1)101231-233000_e_00_0011.bmp  322 238 0  323 238 72 100 329 238 131 100  322 239 74 0  330 239 134 0  0 0 0 0  
4349(r-1-1)101231-233000_e_00_0012.bmp  310 242 0  307 242 72 100 315 242 131 100  307 239 75 0  315 239 135 0  0 0 0 0  
4349(r-1-1)101231-233000_e_00_0013.bmp  366 274 0  368 278 66 100 361 278 121 100  368 275 68 0  363 275 123 0  0 0 0 0  
4349(r-1-1)101231-233000_e_00_0014.bmp  306 262 0  311 266 69 100 306 266 132 100  312 263 70 0  306 263 130 0  0 0 0 0  
4349(r-1-1)101231-233000_e_00_0015.bmp  314 266 0  325 270 67 100 315 270 123 100  324 265 67 0  319 265 125 0  0 0 0 0  
4349(r-1-1)101231-233000_e_00_0016.bmp  298 258 0  306 262 66 100 297 262 122 100  307 259 68 0  300 259 126 0  0 0 0 0  
4349(r-1-1)101231-233000_e_00_0017.bmp  314 274 0  319 278 66 100 310 278 128 100  320 276 69 0  315 276 131 0  0 0 0 0  
4349(r-1-1)101231-233000_e_00_0018.bmp  322 274 0  330 282 63 100 322 282 123 100  331 278 66 0  326 278 125 0  0 0 0 0  
4349(r-1-1)101231-233000_e_00_0019.bmp  314 278 0  322 282 64 100 314 282 122 100  322 279 66 0  316 282 125 0  0 0 0 0  
4349(r-1-1)101231-233000_e_00_0020.bmp  286 242 0  291 246 62 100 283 246 121 100  292 241 64 0  287 241 124 0  0 0 0 0  
4349(r-1-1)101231-233000_e_00_0021.bmp  326 238 0  324 238 67 100 316 238 128 100  325 232 68 0  320 232 129 0  0 0 0 0  
4349(r-1-1)101231-233000_e_00_0022.bmp  306 238 0  310 242 69 100 301 242 128 100  310 235 70 0  306 235 131 0  0 0 0 0  
4349(r-1-1)101231-233000_e_00_0023.bmp  322 234 0  327 238 70 100 319 238 127 100  327 234 71 0  322 234 129 0  0 0 0 0  
4349(r-1-1)101231-233000_e_00_0024.bmp  322 238 0  328 242 71 100 320 242 128 100  328 239 72 0  323 239 128 0  0 0 0 0  
4349(r-1-1)101231-233000_e_00_0025.bmp  322 238 0  327 238 70 100 319 238 128 100  328 235 72 0  323 235 129 0  0 0 0 0  
4349(r-1-1)101231-233000_e_00_0026.bmp  370 218 0  365 222 60 100 371 222 120 100  364 220 62 0  370 220 124 0  0 0 0 0  
4349(r-1-1)101231-233000_e_00_0027.bmp  354 222 0  358 222 64 95 364 222 125 95  359 225 65 0  366 224 127 0  0 0 0 0  
4349(r-1-1)101231-233000_e_00_0028.bmp  330 254 0  328 254 63 100 334 254 121 100  327 252 65 0  332 252 125 0  0 0 0 0  
4349(r-1-1)101231-233000_e_00_0029.bmp  362 230 0  356 234 61 100 362 234 125 100  355 230 63 0  363 230 129 0  0 0 0 0  
4349(r-1-1)101231-233000_e_00_0030.bmp  330 250 0  332 246 61 100 337 246 121 100  330 246 64 0  337 246 125 0  0 0 0 0  
4349(r-1-1)101231-233000_e_00_0031.bmp  374 282 0  369 282 65 100 377 282 123 100  368 279 66 0  374 279 126 0  0 0 0 0  
4349(r-1-1)101231-233000_e_00_0032.bmp  358 274 0  356 274 65 100 364 274 127 100  354 273 67 0  362 273 131 0  0 0 0 0  
4349(r-1-1)101231-233000_e_00_0033.bmp  370 274 0  364 274 63 100 371 274 122 100  364 274 65 0  370 274 126 0  0 0 0 0  
4349(r-1-1)101231-233000_e_00_0034.bmp  314 262 0  311 262 65 100 318 262 121 100  311 259 67 0  315 259 125 0  0 0 0 0  
4349(r-1-1)101231-233000_e_00_0035.bmp  322 266 0  325 266 64 100 332 266 122 100  324 262 65 0  330 262 126 0  0 0 0 0  
4349(r-1-1)101231-233000_e_00_0036.bmp  350 262 0  337 262 62 100 343 262 122 100  336 259 66 0  343 261 125 0  0 0 0 0  
4349(r-1-1)101231-233000_e_00_0037.bmp  370 274 0  367 274 68 100 374 274 128 100  366 272 70 0  372 272 132 0  0 0 0 0  
4349(r-1-1)101231-233000_e_00_0038.bmp  346 270 0  348 266 65 100 355 266 122 100  347 264 68 0  354 264 125 0  0 0 0 0  
4349(r-1-1)101231-233000_e_00_0039.bmp  334 274 0  336 270 68 100 343 270 122 100  336 268 69 0  342 268 125 0  0 0 0 0  
4349(r-1-1)101231-233000_e_00_0040.bmp  350 270 0  351 270 69 100 358 270 128 100  351 268 72 0  357 268 131 0  0 0 0 0  
4349(r-1-1)101231-233000_e_00_0041.bmp  326 282 0  331 278 68 100 339 278 121 100  331 274 69 0  337 274 124 0  0 0 0 0  
4349(r-1-1)101231-233000_e_00_0042.bmp  330 242 0  333 242 69 100 341 242 125 100  332 240 71 0  338 240 126 0  0 0 0 0  
4349(r-1-1)101231-233000_e_00_0043.bmp  294 226 0  294 226 70 100 300 226 128 100  293 227 71 0  299 227 130 0  0 0 0 0  
4349(r-1-1)101231-233000_e_00_0044.bmp  370 254 0  371 254 69 100 379 254 129 100  371 251 71 0  377 251 131 0  0 0 0 0  
4349(r-1-1)101231-233000_e_00_0045.bmp  346 238 0  345 238 68 100 351 238 123 100  343 235 71 0  349 235 126 0  0 0 0 0  
4349(r-1-1)101231-233000_e_00_0046.bmp  346 238 0  334 238 70 100 342 238 123 100  333 237 72 0  339 237 126 0  0 0 0 0  
4349(r-1-1)101231-233000_e_00_0047.bmp  350 234 0  344 242 69 100 349 242 124 100  340 232 69 0  347 232 126 0  0 0 0 0  
4349(r-1-1)101231-233000_e_00_0048.bmp  326 238 0  318 238 63 100 324 238 124 100  318 237 66 0  323 237 127 0  0 0 0 0  
4349(r-1-1)101231-233000_e_00_0049.bmp  342 242 0  334 242 64 100 340 242 125 100  333 243 67 0  339 243 128 0  0 0 0 0  
4349(r-1-1)101231-233000_e_00_0050.bmp  342 242 0  337 242 65 100 342 242 124 100  336 239 67 0  341 239 127 0  0 0 0 0  
4349(r-1-1)101231-233000_e_00_0051.bmp  338 250 0  333 250 66 100 341 250 125 100  333 248 67 0  339 248 127 0  0 0 0 0  
4349(r-1-1)101231-233000_e_00_0052.bmp  322 246 0  316 246 63 100 322 246 125 100  316 248 66 0  321 250 127 0  0 0 0 0  
4349(r-1-1)101231-233000_e_00_0053.bmp  338 250 0  328 250 61 100 334 250 117 100  327 246 63 0  333 246 119 0  0 0 0 0  
4349(r-1-1)101231-233000_e_00_0054.bmp  406 266 0  401 270 68 100 407 270 125 100  401 265 68 0  406 265 127 0  0 0 0 0  
4349(r-1-1)101231-233000_e_00_0055.bmp  394 270 0  380 274 69 100 386 274 126 100  377 269 70 0  384 269 127 0  0 0 0 0  
4349(r-1-1)101231-233000_e_00_0056.bmp  402 290 0  394 294 67 100 402 294 120 100  391 289 68 0  398 289 122 0  0 0 0 0  
4349(r-1-1)101231-233000_e_00_0057.bmp  358 262 0  359 262 66 100 365 262 124 100  359 258 67 0  366 258 125 0  0 0 0 0  
4349(r-1-1)101231-233000_e_00_0058.bmp  358 266 0  359 262 66 100 365 262 127 100  359 261 69 0  366 261 127 0  0 0 0 0  
4349(r-1-1)101231-233000_e_00_0059.bmp  390 274 0  370 274 70 100 376 274 126 100  367 267 71 0  375 267 127 0  0 0 0 0  
4349(r-1-1)101231-233000_e_00_0060.bmp  350 226 0  342 226 69 100 349 226 122 100  342 225 71 0  348 225 126 0  0 0 0 0  
4349(r-1-1)101231-233000_e_00_0061.bmp  354 226 0  348 234 72 100 354 234 122 100  347 229 74 0  353 229 126 0  0 0 0 0  
4349(r-1-1)101231-233000_e_00_0062.bmp  370 226 0  366 226 70 100 371 226 122 100  364 223 71 0  370 223 127 0  0 0 0 0  
4349(r-1-1)101231-233000_e_00_0063.bmp  330 222 0  325 226 73 100 330 226 123 100  322 224 74 0  326 224 126 0  0 0 0 0  
4349(r-1-1)101231-233000_e_00_0064.bmp  354 230 0  345 234 72 100 350 234 122 100  345 231 74 0  351 231 126 0  0 0 0 0  
4349(r-1-1)101231-233000_e_00_0065.bmp  334 234 0  327 234 71 100 333 234 122 100  326 233 73 0  331 233 126 0  0 0 0 0  
4349(r-1-1)101231-233000_e_00_0066.bmp  378 254 0  380 254 64 100 385 254 124 100  380 252 67 0  385 252 124 0  0 0 0 0  
4349(r-1-1)101231-233000_e_00_0067.bmp  358 262 0  357 262 66 100 362 262 125 100  356 262 67 0  362 262 126 0  0 0 0 0  
4349(r-1-1)101231-233000_e_00_0068.bmp  382 258 0  382 258 66 100 390 258 126 100  381 255 68 0  387 255 127 0  0 0 0 0  
4349(r-1-1)101231-233000_e_00_0069.bmp  358 262 0  351 262 68 100 358 262 125 100  350 260 70 0  356 260 126 0  0 0 0 0  
4349(r-1-1)101231-233000_e_00_0070.bmp  362 278 0  366 274 66 100 372 274 125 100  365 272 69 0  371 272 127 0  0 0 0 0  
4349(r-1-1)101231-233000_e_00_0071.bmp  358 266 0  363 262 67 100 371 262 124 100  362 259 69 0  369 259 126 0  0 0 0 0  
4349(r-1-1)101231-233000_e_00_0072.bmp  350 238 0  349 238 68 100 356 238 120 100  347 235 70 0  355 235 124 0  0 0 0 0  
4349(r-1-1)101231-233000_e_00_0073.bmp  398 246 0  389 250 70 100 395 250 126 100  391 248 73 0  396 248 131 0  0 0 0 0  
4349(r-1-1)101231-233000_e_00_0074.bmp  378 242 0  374 246 75 100 380 246 129 100  371 240 76 0  379 240 133 0  0 0 0 0  
4349(r-1-1)101231-233000_e_00_0075.bmp  358 230 0  348 238 69 100 357 238 122 100  347 232 71 0  354 232 124 0  0 0 0 0  
4349(r-1-1)101231-233000_e_00_0076.bmp  350 230 0  345 230 71 100 353 230 126 100  345 229 74 0  351 229 130 0  0 0 0 0  
4349(r-1-1)101231-233000_e_00_0077.bmp  358 230 0  343 234 72 100 352 234 127 100  344 231 74 0  351 231 131 0  0 0 0 0  
4349(r-1-1)101231-233000_e_00_0078.bmp  358 250 0  353 254 67 100 359 254 122 100  353 252 70 0  358 252 126 0  0 0 0 0  
4349(r-1-1)101231-233000_e_00_0079.bmp  318 250 0  314 250 69 100 321 250 124 100  314 249 71 0  320 249 128 0  0 0 0 0  
4349(r-1-1)101231-233000_e_00_0080.bmp  362 266 0  359 266 62 100 366 266 122 100  358 261 64 0  365 261 125 0  0 0 0 0  
4349(r-1-1)101231-233000_e_00_0081.bmp  358 258 0  358 258 67 100 365 258 122 100  356 256 69 0  363 256 126 0  0 0 0 0  
4349(r-1-1)101231-233000_e_00_0082.bmp  366 258 0  358 262 72 100 364 262 125 100  355 258 73 0  361 258 128 0  0 0 0 0  
4349(r-1-1)101231-233000_e_00_0083.bmp  350 250 0  348 254 68 100 354 254 122 100  345 250 69 0  352 250 126 0  0 0 0 0  
4349(r-1-1)101231-233000_e_00_0084.bmp  278 202 0  283 206 62 100 278 206 126 100  284 203 64 0  279 203 128 0  0 0 0 0  
4349(r-1-1)101231-233000_e_00_0085.bmp  302 234 0  309 238 61 100 304 238 125 100  311 235 64 0  306 235 128 0  0 0 0 0  
4349(r-1-1)101231-233000_e_00_0086.bmp  350 238 0  355 238 62 100 351 238 122 100  357 238 65 0  352 238 128 0  0 0 0 0  
4349(r-1-1)101231-233000_e_00_0087.bmp  290 214 0  292 218 63 100 285 218 123 100  292 214 65 0  286 214 129 0  0 0 0 0  
4349(r-1-1)101231-233000_e_00_0088.bmp  338 218 0  344 222 63 100 338 222 122 100  345 218 65 0  340 218 126 0  0 0 0 0  
4349(r-1-1)101231-233000_e_00_0089.bmp  326 226 0  332 230 64 100 326 230 122 100  334 224 66 0  328 224 129 0  0 0 0 0  
4349(r-1-1)101231-233000_e_00_0090.bmp  350 274 0  353 274 66 100 347 274 125 100  354 272 69 0  349 272 128 0  0 0 0 0  
4349(r-1-1)101231-233000_e_00_0091.bmp  342 258 0  341 258 67 100 336 258 123 100  342 255 68 0  337 255 126 0  0 0 0 0  
4349(r-1-1)101231-233000_e_00_0092.bmp  338 254 0  347 258 66 100 343 258 126 100  349 258 70 0  344 258 130 0  0 0 0 0  
4349(r-1-1)101231-233000_e_00_0093.bmp  358 282 0  361 286 69 100 354 286 123 100  362 282 70 0  357 282 126 0  0 0 0 0  
4349(r-1-1)101231-233000_e_00_0094.bmp  366 282 0  369 282 67 100 364 282 123 100  370 281 70 0  365 281 126 0  0 0 0 0  
4349(r-1-1)101231-233000_e_00_0095.bmp  354 282 0  361 282 66 100 354 282 120 100  362 280 70 0  355 280 124 0  0 0 0 0  
4349(r-1-1)101231-233000_e_00_0096.bmp  374 294 0  379 298 63 100 372 298 122 100  379 292 64 0  374 292 125 0  0 0 0 0  
4349(r-1-1)101231-233000_e_00_0097.bmp  258 174 0  260 174 62 100 256 174 120 100  259 176 61 0  255 176 120 0  0 0 0 0  
4349(r-1-1)101231-233000_e_00_0098.bmp  350 254 0  361 254 64 100 358 254 119 100  361 253 66 0  358 253 124 0  0 0 0 0  
4349(r-1-1)101231-233000_e_00_0099.bmp  354 282 0  356 282 65 100 349 282 122 100  357 281 68 0  352 281 123 0  0 0 0 0  
4349(r-1-1)101231-233000_e_00_0100.bmp  358 274 0  363 278 66 100 356 278 120 100  363 275 68 0  357 275 123 0  0 0 0 0  
4349(r-1-1)101231-233000_e_00_0101.bmp  318 254 0  322 254 64 100 315 254 127 100  323 252 67 0  318 252 131 0  0 0 0 0  
4349(r-1-1)101231-233000_e_00_0102.bmp  286 262 0  292 262 63 100 286 262 121 100  292 260 65 0  288 260 123 0  0 0 0 0  
4349(r-1-1)101231-233000_e_00_0103.bmp  298 194 0  305 198 62 100 301 198 118 100  305 192 65 0  302 192 120 0  0 0 0 0  
4349(r-1-1)101231-233000_e_00_0104.bmp  322 250 0  330 254 66 100 322 254 127 100  331 251 68 0  325 251 130 0  0 0 0 0  
4349(r-1-1)101231-233000_e_00_0105.bmp  322 246 0  327 250 67 100 319 250 127 100  327 244 68 0  322 246 129 0  0 0 0 0  
4349(r-1-1)101231-233000_e_00_0106.bmp  310 250 0  315 250 61 100 307 250 120 100  315 247 63 0  309 247 123 0  0 0 0 0  
4349(r-1-1)101231-233000_e_00_0107.bmp  314 238 0  318 238 64 100 309 238 128 100  318 237 67 0  310 237 131 0  0 0 0 0  
4349(r-1-1)101231-233000_e_00_0108.bmp  282 234 0  286 238 64 100 281 238 119 100  288 232 65 0  284 232 124 0  0 0 0 0  
4349(r-1-1)101231-233000_e_00_0109.bmp  302 234 0  309 234 65 100 303 234 121 100  311 231 67 0  308 231 125 0  0 0 0 0  
4349(r-1-1)101231-233000_e_00_0110.bmp  346 238 0  351 242 67 100 343 242 129 100  352 241 69 0  344 241 132 0  0 0 0 0  
4349(r-1-1)101231-233000_e_00_0111.bmp  314 246 0  321 250 62 100 313 250 121 100  321 244 64 0  316 244 122 0  0 0 0 0  
4349(r-1-1)101231-233000_e_00_0112.bmp  314 242 0  320 242 62 100 313 242 120 100  319 240 65 0  315 240 123 0  0 0 0 0  
4349(r-1-1)101231-233000_e_00_0113.bmp  398 254 0  402 258 62 100 392 258 122 100  403 252 63 0  398 252 124 0  0 0 0 0  
4349(r-1-1)101231-233000_e_00_0114.bmp  354 290 0  360 294 59 100 354 294 120 100  360 289 61 0  355 289 122 0  0 0 0 0  
4349(r-1-1)101231-233000_e_00_0115.bmp  362 294 0  362 294 60 100 355 294 120 100  363 292 62 0  356 292 121 0  0 0 0 0  
4349(r-1-1)101231-233000_e_00_0116.bmp  350 298 0  354 298 62 100 346 298 121 100  354 296 64 0  350 296 123 0  0 0 0 0  
4349(r-1-1)101231-233000_e_00_0117.bmp  358 298 0  361 298 63 100 355 298 120 100  362 294 66 0  357 294 122 0  0 0 0 0  
4349(r-1-1)101231-233000_e_00_0118.bmp  362 298 0  368 298 63 100 359 298 120 100  367 296 65 0  362 296 122 0  0 0 0 0  
4349(r-1-1)101231-233000_e_00_0119.bmp  346 238 0  348 246 57 100 343 246 118 100  349 243 61 0  345 243 122 0  0 0 0 0  
4349(r-1-1)101231-233000_e_00_0120.bmp  330 250 0  334 250 59 100 329 250 118 100  334 249 62 0  331 249 122 0  0 0 0 0  
4349(r-1-1)101231-233000_e_00_0121.bmp  334 238 0  343 242 58 100 339 242 118 100  345 241 61 0  341 241 123 0  0 0 0 0  
4349(r-1-1)101231-233000_e_00_0122.bmp  322 246 0  324 246 63 100 317 246 124 100  324 245 66 0  320 245 127 0  0 0 0 0  
4349(r-1-1)101231-233000_e_00_0123.bmp  326 238 0  330 238 63 100 323 238 124 100  330 237 65 0  326 237 127 0  0 0 0 0  
4349(r-1-1)101231-233000_e_00_0124.bmp  342 234 0  344 234 61 100 339 234 122 100  345 233 64 0  341 233 127 0  0 0 0 0  
4349(r-1-1)101231-233000_e_00_0125.bmp  334 262 0  340 262 65 100 333 262 120 100  339 259 67 0  335 259 121 0  0 0 0 0  
4349(r-1-1)101231-233000_e_00_0126.bmp  350 246 0  351 250 68 100 345 250 119 100  351 247 69 0  346 247 122 0  0 0 0 0  
4349(r-1-1)101231-233000_e_00_0127.bmp  342 258 0  343 258 66 100 338 258 118 100  343 256 68 0  340 256 121 0  0 0 0 0  
4349(r-1-1)101231-233000_e_00_0128.bmp  318 266 0  318 266 64 100 311 266 120 100  318 263 66 0  314 263 121 0  0 0 0 0  
4349(r-1-1)101231-233000_e_00_0129.bmp  318 266 0  324 270 65 100 317 270 118 100  323 266 66 0  319 266 120 0  0 0 0 0  
4349(r-1-1)101231-233000_e_00_0130.bmp  318 258 0  325 262 63 100 318 262 119 100  325 257 65 0  321 257 119 0  0 0 0 0  
4349(r-1-1)101231-233000_e_00_0131.bmp  370 254 0  372 258 61 100 364 258 125 100  373 254 63 0  367 254 128 0  0 0 0 0  
4349(r-1-1)101231-233000_e_00_0132.bmp  358 246 0  364 250 60 100 359 250 119 100  364 248 63 0  359 248 123 0  0 0 0 0  
4349(r-1-1)101231-233000_e_00_0133.bmp  358 254 0  363 254 62 100 356 254 124 100  364 251 64 0  358 251 128 0  0 0 0 0  
4349(r-1-1)101231-233000_e_00_0134.bmp  338 262 0  339 262 64 100 333 262 123 100  340 261 67 0  334 261 127 0  0 0 0 0  
4349(r-1-1)101231-233000_e_00_0135.bmp  338 262 0  341 262 63 100 334 262 125 100  341 259 66 0  337 259 127 0  0 0 0 0  
4349(r-1-1)101231-233000_e_00_0136.bmp  306 254 0  310 258 66 100 304 258 121 100  310 250 67 0  309 250 124 0  0 0 0 0  
4349(r-1-1)101231-233000_e_00_0137.bmp  350 270 0  354 270 62 100 348 270 123 100  355 269 65 0  351 269 125 0  0 0 0 0  
4349(r-1-1)101231-233000_e_00_0138.bmp  346 258 0  349 262 61 100 342 262 124 100  350 259 64 0  345 259 124 0  0 0 0 0  
4349(r-1-1)101231-233000_e_00_0139.bmp  318 246 0  320 246 58 100 316 246 116 100  321 245 60 0  319 245 120 0  0 0 0 0  
4349(r-1-1)101231-233000_e_00_0140.bmp  350 254 0  356 258 59 100 349 258 122 100  356 256 62 0  351 257 123 0  0 0 0 0  
4349(r-1-1)101231-233000_e_00_0141.bmp  342 258 0  342 258 57 100 336 258 121 100  343 257 61 0  337 257 123 0  0 0 0 0  
4349(r-1-1)101231-233000_e_00_0142.bmp  334 258 0  338 258 59 100 331 258 119 100  338 255 61 0  334 255 121 0  0 0 0 0  
4349(r-1-1)101231-233000_e_00_0143.bmp  334 238 0  335 234 66 100 342 234 121 100  333 233 69 0  340 233 123 0  0 0 0 0  
4349(r-1-1)101231-233000_e_00_0144.bmp  342 234 0  339 234 70 100 347 234 130 100  339 235 73 0  346 235 132 0  0 0 0 0  
4349(r-1-1)101231-233000_e_00_0145.bmp  338 238 0  337 238 68 100 345 238 122 100  335 232 69 0  342 232 124 0  0 0 0 0  
4349(r-1-1)101231-233000_e_00_0146.bmp  354 230 0  355 230 61 100 361 230 121 100  355 227 63 0  362 227 122 0  0 0 0 0  
4349(r-1-1)101231-233000_e_00_0147.bmp  186 214 0  185 214 54 100 186 214 110 100  185 216 60 0  185 217 112 0  0 0 0 0  
4349(r-1-1)101231-233000_e_00_0148.bmp  370 234 0  359 234 59 100 366 234 119 100  358 229 62 0  366 233 122 0  0 0 0 0  
4349(r-1-1)101231-233000_e_00_0149.bmp  378 234 0  372 238 64 100 379 238 121 100  370 233 65 0  377 233 120 0  0 0 0 0  
4349(r-1-1)101231-233000_e_00_0150.bmp  374 230 0  371 230 67 100 378 230 129 100  370 228 69 0  379 228 130 0  0 0 0 0  
4349(r-1-1)101231-233000_e_00_0151.bmp  374 238 0  371 234 68 100 380 234 127 100  370 228 68 0  379 228 128 0  0 0 0 0  
4349(r-1-1)101231-233000_e_00_0152.bmp  350 226 0  345 226 64 100 353 226 121 100  344 226 66 0  350 226 124 0  0 0 0 0  
4349(r-1-1)101231-233000_e_00_0153.bmp  362 218 0  355 222 66 100 362 222 124 100  354 220 68 0  361 220 125 0  0 0 0 0  
4349(r-1-1)101231-233000_e_00_0154.bmp  362 218 0  352 222 68 100 358 222 121 100  350 217 69 0  357 217 125 0  0 0 0 0  
4349(r-1-1)101231-233000_e_00_0155.bmp  374 218 0  363 222 68 100 369 222 123 100  362 220 71 0  367 220 124 0  0 0 0 0  
4349(r-1-1)101231-233000_e_00_0156.bmp  346 226 0  340 226 70 100 343 226 127 100  339 226 73 0  345 226 125 0  0 0 0 0  
4349(r-1-1)101231-233000_e_00_0157.bmp  354 238 0  345 238 74 100 351 238 122 100  343 232 74 0  349 232 124 0  0 0 0 0  
4349(r-1-1)101231-233000_e_00_0158.bmp  362 290 0  355 294 60 100 363 294 125 100  353 289 62 0  360 289 126 0  0 0 0 0  
4349(r-1-1)101231-233000_e_00_0159.bmp  366 290 0  359 294 60 100 369 294 126 100  357 291 62 0  365 291 127 0  0 0 0 0  
4349(r-1-1)101231-233000_e_00_0160.bmp  362 282 0  361 282 60 100 369 282 123 100  360 279 61 0  367 279 125 0  0 0 0 0  
4349(r-1-1)101231-233000_e_00_0161.bmp  358 274 0  353 270 60 100 360 270 123 100  351 268 62 0  359 268 123 0  0 0 0 0  
4349(r-1-1)101231-233000_e_00_0162.bmp  358 262 0  358 262 59 100 364 262 124 100  356 259 62 0  363 262 123 0  0 0 0 0  
4349(r-1-1)101231-233000_e_00_0163.bmp  358 274 0  359 274 60 100 367 274 124 100  358 270 61 0  367 275 123 0  0 0 0 0  
4349(r-1-1)101231-233000_e_00_0164.bmp  366 214 0  358 218 64 100 366 218 123 100  357 214 66 0  363 214 125 0  0 0 0 0  
4349(r-1-1)101231-233000_e_00_0165.bmp  338 230 0  330 234 62 100 338 234 125 100  330 234 65 0  337 238 127 0  0 0 0 0  
4349(r-1-1)101231-233000_e_00_0166.bmp  358 218 0  358 218 67 100 364 218 124 100  355 208 67 0  362 208 125 0  0 0 0 0  
4349(r-1-1)101231-233000_e_00_0167.bmp  358 242 0  350 242 66 100 358 242 122 100  350 241 68 0  355 241 124 0  0 0 0 0  
4349(r-1-1)101231-233000_e_00_0168.bmp  350 238 0  345 242 65 100 352 242 122 100  344 239 68 0  352 239 125 0  0 0 0 0  
4349(r-1-1)101231-233000_e_00_0169.bmp  358 242 0  348 242 66 100 353 242 121 100  347 236 68 0  353 236 125 0  0 0 0 0  
4349(r-1-1)101231-233000_e_00_0170.bmp  342 234 0  333 238 55 100 342 238 116 100  333 234 56 0  340 234 119 0  0 0 0 0  
4349(r-1-1)101231-233000_e_00_0171.bmp  330 218 0  318 222 61 100 326 222 123 100  318 219 62 0  326 219 127 0  0 0 0 0  
4349(r-1-1)101231-233000_e_00_0172.bmp  334 222 0  320 222 62 100 328 222 123 100  318 218 63 0  326 218 126 0  0 0 0 0  
4349(r-1-1)101231-233000_e_00_0173.bmp  346 230 0  335 230 64 100 346 230 121 100  335 229 65 0  342 229 125 0  0 0 0 0  
4349(r-1-1)101231-233000_e_00_0174.bmp  350 230 0  341 230 67 100 350 230 131 100  341 229 69 0  349 229 135 0  0 0 0 0  
4349(r-1-1)101231-233000_e_00_0175.bmp  350 238 0  334 234 59 100 342 234 116 100  334 234 61 0  342 235 120 0  0 0 0 0  
4349(r-1-1)101231-233000_e_00_0176.bmp  310 218 0  308 218 56 100 315 218 120 100  307 217 59 0  313 217 123 0  0 0 0 0  
4349(r-1-1)101231-233000_e_00_0177.bmp  330 230 0  322 234 59 100 330 234 123 100  321 233 63 0  328 236 125 0  0 0 0 0  
4349(r-1-1)101231-233000_e_00_0178.bmp  338 226 0  327 226 58 100 334 226 118 100  326 220 59 0  333 220 120 0  0 0 0 0  
4349(r-1-1)101231-233000_e_00_0179.bmp  330 238 0  324 238 60 100 332 238 120 100  324 236 63 0  331 236 124 0  0 0 0 0  
4349(r-1-1)101231-233000_e_00_0180.bmp  346 238 0  335 238 65 100 344 238 127 100  335 238 67 0  342 241 129 0  0 0 0 0  
4349(r-1-1)101231-233000_e_00_0181.bmp  334 238 0  327 238 60 100 335 238 116 100  327 236 62 0  334 236 120 0  0 0 0 0  
4349(r-1-1)101231-233000_e_00_0182.bmp  338 262 0  338 262 55 100 346 262 122 100  337 259 57 0  344 259 125 0  0 0 0 0  
4349(r-1-1)101231-233000_e_00_0183.bmp  354 266 0  350 266 60 100 359 266 132 100  349 265 63 0  357 268 135 0  0 0 0 0  
4349(r-1-1)101231-233000_e_00_0184.bmp  354 262 0  341 262 55 100 349 262 123 100  339 259 59 0  347 263 125 0  0 0 0 0  
4349(r-1-1)101231-233000_e_00_0185.bmp  302 254 0  304 250 58 100 312 250 122 100  304 249 61 0  310 249 125 0  0 0 0 0  
4349(r-1-1)101231-233000_e_00_0186.bmp  322 246 0  315 250 63 100 324 250 134 100  313 249 66 0  320 252 136 0  0 0 0 0  
4349(r-1-1)101231-233000_e_00_0187.bmp  314 242 0  307 242 58 100 315 242 123 100  306 242 61 0  313 242 126 0  0 0 0 0  
4349(r-1-1)101231-233000_e_00_0188.bmp  310 250 0  312 250 61 100 320 250 120 100  310 245 62 0  317 245 122 0  0 0 0 0  
4349(r-1-1)101231-233000_e_00_0189.bmp  330 246 0  319 246 63 100 328 246 126 100  318 247 65 0  325 249 129 0  0 0 0 0  
4349(r-1-1)101231-233000_e_00_0190.bmp  334 250 0  323 250 62 100 331 250 126 100  321 245 64 0  328 245 128 0  0 0 0 0  
4349(r-1-1)101231-233000_e_00_0191.bmp  306 250 0  308 250 61 100 316 250 120 100  306 247 63 0  312 247 122 0  0 0 0 0  
4349(r-1-1)101231-233000_e_00_0192.bmp  322 246 0  312 250 67 100 320 250 127 100  310 248 68 0  317 248 130 0  0 0 0 0  
4349(r-1-1)101231-233000_e_00_0193.bmp  314 258 0  306 254 63 100 313 254 119 100  303 249 64 0  311 249 121 0  0 0 0 0  
4349(r-1-1)101231-233000_e_00_0194.bmp  322 238 0  316 242 59 100 324 242 122 100  315 238 61 0  321 238 124 0  0 0 0 0  
4349(r-1-1)101231-233000_e_00_0195.bmp  318 222 0  309 226 59 100 318 226 121 100  309 225 61 0  315 225 125 0  0 0 0 0  
4349(r-1-1)101231-233000_e_00_0196.bmp  354 230 0  347 230 58 100 353 230 125 100  345 228 61 0  352 229 129 0  0 0 0 0  
4349(r-1-1)101231-233000_e_00_0197.bmp  342 226 0  332 230 57 100 340 230 121 100  331 225 59 0  338 225 125 0  0 0 0 0  
4349(r-1-1)101231-233000_e_00_0198.bmp  334 218 0  327 218 62 100 337 218 129 100  327 217 64 0  334 220 134 0  0 0 0 0  
4349(r-1-1)101231-233000_e_00_0199.bmp  338 230 0  328 230 60 100 337 230 121 100  328 228 62 0  336 228 124 0  0 0 0 0  
4349(r-1-1)101231-233000_e_00_0200.bmp  350 246 0  341 250 67 100 349 250 129 100  340 246 69 0  348 246 133 0  0 0 0 0  
4349(r-1-1)101231-233000_e_00_0201.bmp  338 254 0  328 254 66 100 338 254 128 100  328 254 69 0  336 256 131 0  0 0 0 0  
4349(r-1-1)101231-233000_e_00_0202.bmp  342 250 0  335 254 65 100 343 254 122 100  333 247 66 0  341 247 124 0  0 0 0 0  
4349(r-1-1)101231-233000_e_00_0203.bmp  322 242 0  323 242 63 100 332 242 121 100  323 237 64 0  330 237 124 0  0 0 0 0  
4349(r-1-1)101231-233000_e_00_0204.bmp  338 242 0  330 246 67 100 340 246 128 100  329 242 69 0  337 246 130 0  0 0 0 0  
